1 81 -43.1618 3.831370 -4.028249
1 82 -57.2857 2.529773 -3.891989
1 83 -66.6665 1.444805 -4.655651
1 84 -75.0985 1.035098 -4.447838
1 85 -80.055 1.150477 -4.452279
1 86 -80.7065 0.892924 -4.460387
1 87 -80.946 0.217442 -4.780520
1 88 -80.5069 -0.074598 -5.230122
1 89 -77.4299 -0.522701 -5.216935
1 90 -72.8522 -0.929192 -5.072800
1 91 -66.7298 -0.786552 -4.301762
1 92 -58.4458 -1.251697 -3.512946
1 93 -47.548 -1.029039 -2.476605
1 94 -33.3609 -1.105715 -2.616710
1 95 -21.4887 -1.030445 -2.630119
1 96 -11.7564 -1.512128 -3.184250
1 97 -8.41697 -1.702660 -3.632837
1 98 -7.0537 -1.931286 -3.550968
1 99 -5.93679 -2.210228 -3.813792
1 100 -4.93179 -2.832966 -3.576264
1 101 -2.45813 -3.157773 -3.297734
1 102 1.91495 -2.712138 -3.548557
1 103 12.0311 -2.213790 -4.158028
1 104 22.0587 -1.358955 -4.672594
1 105 34.1655 -0.861314 -5.348500
1 106 47.4767 -1.482026 -5.094273
1 107 57.7633 -0.595440 -4.871357
1 108 67.0048 -0.472503 -4.561792
1 109 74.0662 -0.609807 -4.794637
1 110 78.6974 -2.141967 -5.933127
1 111 78.7873 -1.926556 -4.592000
1 112 80.0959 -2.793634 -4.917353
1 113 80.0151 -3.601809 -4.275920
1 114 81.361 -3.783969 -4.680809
1 115 86.1722 -3.517035 -5.631331
1 116 95.4882 -1.668296 -6.444999
1 117 114.179 -1.042331 -7.178743
1 118 131.112 -0.702201 -6.390220
1 119 142.778 0.405200 -5.616085
1 120 152.116 0.909127 -5.053089
1 121 160.049 1.832832 -4.979661
1 122 168.042 1.019112 -5.090261
1 123 173.553 -0.561598 -4.571091
1 124 177.092 -1.443591 -3.795055
1 125 -179.615 -1.401882 -4.195400
1 126 178.147 -1.137368 -3.732334
1 127 176.573 -1.077423 -3.452925
1 128 176.096 -0.855784 -3.792898
1 129 172.981 -0.161932 -4.336209
1 130 168.778 -0.524060 -6.060218
1 131 159.881 -0.713480 -7.613513
1 132 140.537 0.242895 -7.438798
1 133 132.17 0.209230 -8.095737
1 134 123.213 -1.506055 -9.183468
1 135 109.525 -1.271508 -8.769360
1 136 98.9837 -1.559694 -8.473598
1 137 89.9856 -1.839038 -7.488851
1 138 83.5749 -1.991131 -6.381364
1 139 78.7703 -1.679795 -5.273657
1 140 74.1171 -0.603152 -5.755282
1 141 60.0114 1.185179 -4.923931
1 142 49.6855 1.020480 -6.102444
1 143 38.5539 0.776460 -6.170616
1 144 28.7515 0.169294 -6.471414
1 145 19.5605 -0.312288 -5.184508
1 146 13.0652 -0.123737 -5.099653
1 147 7.48401 0.709654 -5.095795
1 149 3.85307 0.620076 -4.589300
1 150 2.27461 0.778355 -4.942430
1 151 2.26921 0.532656 -5.387830
1 152 0.713273 0.154035 -4.848868
1 153 -1.38493 1.144149 -4.143266
1 154 -1.81625 0.691817 -4.014651
1 155 2.95087 -1.059005 -4.819635
1 156 1.50777 -2.034804 -3.914128
1 157 1.80228 -1.919459 -3.807680
1 158 2.26011 -0.481109 -3.774816
1 159 2.74142 -0.970845 -3.810608
1 160 5.67158 -0.796102 -2.672350
1 161 18.5774 -0.212309 -3.098949
1 162 34.5622 0.785631 -2.935228
1 163 47.3922 0.121817 -3.059111
1 164 56.0137 -0.010268 -3.537943
1 165 65.2489 -0.499723 -3.917995
1 166 74.6841 -0.573524 -4.214373
1 167 84.0774 -0.448142 -3.146930
1 168 90.5304 -0.791214 -2.754862
1 169 95.0551 -1.536212 -2.980957
1 170 96.8675 -2.520277 -3.637025
1 171 96.9153 -3.273731 -4.584854
1 172 95.9432 -3.323752 -5.142645
1 173 94.0884 -2.766481 -5.129162
1 174 93.2976 -2.504333 -4.958962
1 175 91.5729 -1.751227 -4.628199
1 176 85.1032 2.414430 -3.418335
1 177 82.3723 3.843553 -4.122074
1 178 80.389 2.136293 -5.098810
1 179 74.5047 1.704963 -6.022349
1 180 61.8017 2.857441 -6.257119
1 181 43.8438 -0.347310 -6.802849
1 182 24.5384 -1.592663 -6.715978
1 183 3.13514 -0.798646 -5.119555
1 184 -11.3559 -1.111893 -3.972772
1 185 -23.1192 -2.856919 -4.138561
1 186 -34.7606 -3.089053 -2.923209
1 187 -44.204 -5.257649 -4.055214
1 188 -57.2634 -5.190744 -4.193821
1 189 -64.7813 -5.191064 -3.657893
1 190 -69.4458 -4.914009 -3.691963
1 191 -73.6979 -4.495165 -3.105839
1 192 -78.1411 -3.906611 -2.174977
1 193 -81.3104 -3.675483 -1.909853
1 194 -82.4077 -3.449853 -1.595837
1 196 -82.6782 -2.872225 -2.936656
1 197 -85.3311 -2.183190 -2.046563
1 198 -87.1512 -1.139120 -2.321389
1 199 -93.2928 0.243317 -3.178509
1 200 -109.723 1.455058 -3.648428
1 201 -126.75 1.754837 -3.700951
1 202 -141.795 0.495009 -4.150393
1 203 -158.672 -0.856780 -3.234450
1 204 -167.634 -2.331043 -2.844546
1 205 -176.03 -1.781022 -2.713911
1 206 179.106 -2.320068 -2.415008
1 207 173.104 -1.860232 -2.246368
1 208 167.971 -1.180727 -2.051144
1 209 168.427 -1.946941 -1.319504
1 210 170.315 -2.051046 -1.025095
1 211 171.303 -2.033156 -1.419550
1 212 172.441 -2.164634 -0.942668
1 214 -178.895 -1.468576 -3.654201
1 215 -165.778 -1.368954 -3.107567
1 216 -143.03 -1.668652 -4.326497
1 217 -126.508 -0.410337 -3.966438
1 218 -111.18 1.943841 -3.904966
1 219 -97.2536 1.970645 -4.654169
1 220 -87.1989 0.707481 -5.620890
1 221 -79.2532 -0.708857 -5.673416
1 222 -73.8982 -1.461456 -6.369977
1 223 -74.3486 -3.358602 -6.104432
1 224 -78.0968 -0.961963 -5.351973
1 225 -76.2212 -1.299908 -4.974516
1 226 -72.2635 -1.579128 -3.543375
1 227 -58.8657 -2.658959 -4.679851
1 228 -44.5488 -2.419360 -5.025869
1 229 -34.4707 -1.677159 -4.298718
1 230 -24.6236 -1.895792 -3.469010
1 231 -18.4494 -1.728576 -4.484412
1 232 -12.1252 -1.670251 -6.615722
1 233 -6.65244 -2.700096 -7.039284
1 234 -5.8557 -3.082410 -6.833532
1 235 -3.30395 -4.133209 -7.177094
1 236 -1.22426 -3.066283 -6.100002
1 237 0.964865 -1.184120 -4.855738
1 238 3.51987 -0.102339 -4.354727
1 239 3.8117 -1.024991 -3.085166
1 240 5.01233 -2.093773 -2.477957
1 241 6.65423 -3.092479 -4.168532
1 242 6.54265 -3.498652 -4.422754
1 243 5.80729 -2.006754 -3.367150
1 244 15.4814 -1.234577 -5.979905
1 245 30.4191 -0.148434 -6.507043
1 246 42.3964 0.052470 -6.289794
1 247 53.5289 -0.289828 -6.738575
1 248 63.918 -0.689859 -7.408103
1 249 72.7891 -0.628864 -7.055762
1 250 77.9149 -0.218190 -4.783782
1 251 85.8478 -0.929554 -5.334723
1 252 90.0386 -1.872131 -6.089472
1 253 91.8916 -2.366012 -6.020088
1 254 90.7449 -1.853863 -4.991021
1 255 90.5709 -1.615823 -5.523466
1 256 90.018 -0.980276 -5.675665
1 257 87.0653 0.369167 -5.872820
1 258 80.9404 0.893334 -5.692776
1 259 71.0134 1.509741 -6.853267
1 260 53.6758 1.602268 -6.911489
1 261 41.4618 0.909955 -6.239126
1 262 28.1729 0.522969 -5.313292
1 263 15.3577 2.070309 -4.038785
1 264 4.7962 1.329567 -3.228896
1 265 1.3189 1.286920 -3.459974
1 266 -0.898332 1.406085 -2.473277
1 267 0.770705 0.846198 -3.419932
1 268 0.600202 0.652123 -3.306613
1 269 -1.98921 1.286122 -2.922781
1 270 -7.92905 1.801298 -2.756041
1 271 -19.1882 3.077003 -4.926426
1 272 -30.2862 3.837776 -4.880136
1 273 -40.8756 3.425374 -5.131499
1 274 -52.4987 2.311773 -4.520174
1 275 -61.0085 1.284159 -3.824236
1 276 -67.5926 0.710854 -3.917012
1 277 -70.7336 -0.111393 -4.617241
1 278 -75.4683 0.334164 -3.291608
1 279 -77.2927 -0.055667 -2.573869
1 280 -78.6073 -0.719848 -1.538723
1 281 -80.2487 -1.985407 -1.060353
1 282 -82.2334 -0.715131 -2.127530
1 283 -87.7919 0.833308 -1.732468
1 284 -95.671 1.908487 -3.072297
1 285 -109.17 4.027830 -3.241409
1 286 -126.682 5.613416 -3.567836
1 287 -141.968 5.602142 -2.180975
1 288 -159.038 3.994028 -1.184274
1 289 -169.458 2.631223 -0.077798
1 290 -176.997 1.077742 -0.725824
1 291 175.157 1.974394 -1.271334
1 292 173.627 2.271787 -1.535596
1 293 174.152 2.418727 -1.628302
1 294 174.238 1.767071 -1.185228
1 295 172.228 3.427079 -0.566358
1 296 166.049 4.168471 -2.152626
1 297 150.287 5.775883 -1.696812
1 298 134.752 7.211611 -1.274586
1 299 123.169 5.611658 -1.974178
1 300 113.108 3.556126 -2.225355
1 301 106.975 2.242126 -0.429077
1 302 100.069 1.875278 0.928341
1 303 96.7092 1.031868 -0.019645
1 304 93.1792 2.109429 0.049979
1 305 90.5046 2.486250 0.498201
1 306 86.936 2.717317 0.801766
1 307 85.2095 1.551270 1.044637
1 309 80.9361 1.674371 -0.885296
1 310 82.5628 -0.317942 -0.198816
1 311 81.9376 -0.995513 0.507426
1 312 80.8613 -0.669348 1.145417
1 313 81.6222 0.228058 1.039167
1 314 81.5687 1.181908 1.306914
1 315 82.7109 1.794192 1.027633
1 316 87.2103 2.457434 0.311154
1 317 94.6337 2.870052 0.200173
1 318 106.599 4.282796 0.273414
1 319 125.512 5.037416 0.063112
1 320 139.402 6.333075 0.174021
1 321 153.116 4.857361 -0.677342
1 322 161.446 4.566125 -0.588983
1 323 167.609 3.513128 -0.146575
1 324 168.491 3.776068 0.289104
1 325 169.7 2.642638 -2.624276
1 326 170.735 2.403051 -3.675955
1 327 171.194 2.469520 -3.954382
1 328 171.201 1.089233 -3.374524
1 329 172.843 0.672002 -2.756630
1 330 174.56 0.124407 -2.061884
1 331 -179.76 0.810069 -2.809249
1 332 -169.539 2.852998 -3.292649
1 333 -152.041 2.592874 -5.635041
1 334 -139.595 3.724754 -4.749699
1 335 -129.906 3.869502 -3.772992
1 337 -114.609 3.205346 -5.619424
1 338 -125.692 4.388453 -5.960486
1 339 -132.642 1.981784 -6.917312
1 340 -137.998 1.654949 -6.194900
1 341 -146.818 5.812605 -5.062394
1 342 -146.975 5.828080 -5.499633
1 343 -144.288 6.355992 -4.063988
1 344 -131.475 5.477321 -1.371661
1 345 -115.904 2.612369 -3.474063
1 346 -103.941 3.707391 -5.905362
1 347 -96.47 2.864336 -2.726821
1 348 -92.4003 2.241979 -4.075070
1 349 -86.7067 0.510709 -5.471356
1 350 -78.8435 -1.122837 -6.111324
1 351 -72.9046 -1.980426 -5.809878
1 352 -72.2529 -1.434305 -4.875359
1 353 -68.6579 -2.050437 -5.678212
1 354 -70.2438 -1.136092 -5.064115
1 355 -67.6271 -0.656673 -5.389634
1 356 -57.2692 -0.552494 -6.419581
1 357 -46.8444 0.406680 -6.164714
1 358 -36.5057 0.414751 -5.770946
1 359 -27.3788 -0.249612 -5.129165
1 360 -20.1641 -1.477991 -5.966050
1 361 -15.2754 -1.446932 -6.700507
1 362 -11.1066 -0.990327 -6.492124
1 363 -9.5915 -0.044361 -5.776051
1 364 -7.55699 0.022444 -5.498236
1 365 -4.60619 0.076191 -6.829552
1 366 -3.79849 0.826574 -6.779771
1 367 -1.33273 -0.033354 -6.107385
1 368 0.250572 0.569951 -3.073843
1 369 3.40076 -0.323010 -3.320303
1 370 4.60126 0.082164 -3.885419
1 371 3.86371 0.857351 -4.503682
1 372 4.55739 0.857372 -4.989634
1 373 6.09605 1.034776 -4.564102
1 374 8.3733 1.375992 -4.549090
1 375 8.76317 1.562367 -4.342580
1 376 9.26977 1.593895 -4.247514
1 377 10.4296 2.210127 -4.453872
1 378 9.83448 1.950784 -4.610521
1 379 7.67961 1.523342 -4.920599
1 380 6.84539 0.073474 -4.435663
1 381 6.06641 1.118972 -4.120450
1 382 9.68921 0.488172 -3.608780
1 383 13.5752 0.407730 -3.371170
1 384 18.8358 0.442170 -3.292306
1 385 29.5806 0.336641 -4.126087
1 386 38.7491 1.005024 -3.702307
1 387 50.7834 1.113224 -3.767009
1 388 62.055 1.351709 -3.420333
1 389 74.4319 0.856104 -3.279315
1 390 81.8863 1.217914 -2.518796
1 391 84.6341 1.704752 -3.463980
1 392 84.1912 2.631816 -4.384736
1 393 84.7675 3.588206 -5.286824
1 394 89.9586 2.113337 -7.605782
1 395 93.1478 1.050525 -6.864773
1 396 90.6733 2.120816 -3.161442
1 397 94.2222 1.095990 -4.379305
1 398 94.5122 0.603386 -4.850393
1 399 91.9695 0.667865 -4.337322
1 400 90.6631 0.507378 -4.327212
1 401 88.1799 0.956304 -4.143827
1 402 82.4509 1.427590 -4.748858
1 403 69.6936 3.052626 -4.846398
1 404 56.5162 3.943521 -4.149616
1 405 43.5794 2.785717 -4.311276
1 406 33.3445 1.791682 -4.451772
1 407 26.4864 0.944603 -4.768632
1 408 20.684 0.353365 -4.601775
1 409 16.0485 -0.004963 -3.887227
1 410 10.7192 1.856184 -3.330036
1 411 6.43603 1.553748 -2.751011
1 412 1.39144 1.804145 -3.204691
1 413 -2.52043 2.674183 -2.382683
1 414 -1.1335 3.412418 -3.183308
1 415 -5.35531 2.977682 -3.298938
1 416 -10.6132 2.644276 -3.400781
1 417 -18.8114 2.339171 -3.869416
1 418 -29.6633 3.295939 -3.874406
1 419 -42.8699 4.081275 -3.446998
1 420 -53.589 4.074823 -4.002663
1 421 -63.8517 3.175592 -4.961332
1 422 -72.2232 2.387365 -5.201999
1 423 -78.3417 2.049115 -4.286463
1 424 -81.6525 1.493022 -3.088825
1 425 -82.2991 1.310919 -1.746034
1 426 -82.7873 0.097707 -2.006279
1 427 -84.625 0.238482 -4.073177
1 428 -83.393 0.650321 -4.126354
1 429 -83.442 0.837119 -3.306945
1 430 -83.2178 0.939798 -3.314808
1 431 -81.8733 0.123530 -3.290305
1 432 -82.751 0.910186 -3.182247
1 433 -85.6594 1.643769 -2.861671
1 434 -86.9463 1.589928 -3.031397
1 435 -89.5258 2.232113 -3.454482
1 436 -95.8131 4.008203 -2.347747
1 437 -106.691 5.854744 -1.598542
1 438 -122.871 8.111296 -2.294835
1 439 -142.102 8.858901 -3.465409
1 440 -155.84 6.540829 -3.532002
1 441 -169.389 5.210906 -1.997287
1 442 -175.484 4.115272 -1.918900
1 443 -178.555 2.375301 -1.799549
1 444 178.658 1.852139 -2.193137
1 445 178.384 3.098449 -1.338995
1 446 176.024 4.561354 -1.257155
1 447 172.031 5.520917 -2.114293
1 448 171.22 4.769296 -2.626213
1 449 170.323 4.008113 -3.496346
1 450 169.863 4.468614 -4.920966
1 451 169.127 3.828412 -4.652268
1 452 172.354 2.714514 -3.290534
1 453 174.846 1.261584 -1.898925
1 454 174.461 1.401222 -1.399006
1 455 174.462 1.636366 -1.707876
1 456 173.824 1.845160 -1.798725
1 457 175.229 2.311901 -1.889657
1 458 179.121 3.385872 -2.227520
1 459 -172.77 4.005683 -3.352351
1 460 -162.492 6.037581 -3.812636
1 461 -141.181 6.567948 -4.260726
1 462 -125.691 6.728522 -3.931067
1 463 -113.233 5.936926 -5.244719
1 464 -101.905 5.335468 -5.196025
1 465 -94.7646 4.489685 -4.547042
1 466 -89.0541 3.983160 -4.917541
1 467 -85.6227 4.019441 -6.111174
1 468 -83.8158 4.145372 -6.657228
1 469 -82.9258 5.215428 -7.422024
1 470 -79.7881 4.509808 -6.975837
1 471 -80.0529 3.552421 -5.836075
1 472 -80.5487 3.696175 -4.358905
1 473 -78.8909 3.193972 -4.842095
1 474 -77.3689 3.915267 -4.766398
1 475 -76.9595 1.435533 -6.221901
1 476 -76.6395 1.186917 -6.537553
1 477 -75.8453 3.963247 -6.686893
1 478 -72.8196 2.449590 -6.805335
1 479 -69.0654 0.444432 -15.297510
1 480 -65.2651 8.096456 -10.307950
1 481 -60.849 12.394739 -0.599337
1 482 -60.0801 6.489179 0.268944
1 483 -53.4199 4.332487 -5.780798
1 484 -54.2816 7.958043 -8.527539
1 485 -56.8764 4.787156 -5.977762
1 486 -56.6949 4.143560 -1.925367
1 487 -56.969 2.361353 -0.732024
1 488 -54.0308 1.604932 -0.506037
1 489 -51.0419 7.216180 -1.078885
1 490 -47.7776 10.104926 -0.319580
1 491 -40.141 9.095940 1.745358
1 492 -32.9103 2.163958 3.042869
1 493 -23.4052 -0.688753 9.718671
2 97 -2.32625 -2.018019 1.792537
2 98 5.70327 -0.618658 2.350437
2 99 16.9012 -1.438028 2.516312
2 100 26.4485 -1.815764 2.113597
2 101 36.0918 -0.995156 2.480534
2 102 46.3507 0.322306 3.245766
2 103 55.4976 0.639395 4.071750
2 104 62.3283 -0.067609 3.863671
2 105 68.1164 -0.290700 3.678332
2 106 76.3616 -2.324494 3.375679
2 107 79.1994 -2.631912 3.321539
2 108 81.9683 -2.733750 2.795579
2 109 84.4127 -2.714118 1.404725
2 110 86.1206 -2.264192 1.032319
2 111 88.6061 -2.143527 1.539590
2 112 92.7988 -3.878240 1.949367
2 113 93.8334 -3.746696 1.776705
2 114 93.9492 -3.824788 1.829636
2 115 93.6294 -3.615682 1.254262
2 116 89.5187 -3.548678 1.418461
2 117 85.1096 -3.598544 1.485715
2 118 83.6859 -3.445181 0.225966
2 119 84.6824 -3.426671 -0.293211
2 120 79.2844 -3.042815 0.476548
2 121 65.5354 -1.932165 0.740933
2 122 53.9249 -2.130822 0.989702
2 123 43.7201 -1.805412 1.417390
2 124 33.6946 -1.974603 1.382009
2 125 23.7818 -2.378092 1.836169
2 126 14.7153 -1.984290 1.720027
2 127 4.25831 -2.616717 2.283834
2 128 -8.56464 -3.153019 2.987868
2 129 -22.6184 -2.788267 2.983375
2 130 -35.9688 -1.627665 2.257268
2 131 -45.7216 -0.925171 1.127368
2 132 -53.1778 -2.051788 0.143240
2 133 -64.3085 -2.510107 0.921440
2 134 -70.048 -2.731051 0.037569
2 135 -74.737 -2.226739 -0.808806
2 136 -78.6394 -3.262273 -1.265606
2 137 -82.4299 -4.470361 -0.120718
2 138 -85.0916 -4.457806 0.082483
2 139 -85.2542 -5.265051 -0.914118
2 140 -86.6856 -3.913637 -1.099438
2 141 -87.0881 -3.993020 -1.892890
2 142 -89.0088 -3.735587 -1.822525
2 143 -88.638 -4.564958 -1.791850
2 144 -90.805 -4.325154 -1.075859
2 145 -93.1418 -3.634691 -1.091875
2 146 -95.7953 -3.808824 -1.049628
2 147 -99.4521 -3.825813 -0.817127
2 148 -103.258 -4.325786 -0.631174
2 149 -108.622 -4.137545 -1.024415
2 150 -113.611 -3.330353 -1.046787
2 151 -120.366 -2.849769 -0.545276
2 152 -128.705 -2.677912 0.411266
2 153 -136.429 -3.051279 1.194020
2 154 -143.152 -2.328200 1.462047
2 155 -147.846 -1.376875 0.854075
2 156 -152.969 -0.699511 -0.536206
2 157 -158.974 -0.788000 -3.448976
2 158 -165.797 -1.121490 -5.114730
2 159 -171.609 -0.668559 -5.278974
2 160 -176.983 0.005584 -3.301968
2 161 -176.975 -0.356760 -1.827899
2 162 -178.003 -1.202532 -0.581656
2 163 179.591 -2.550275 -1.031648
2 164 174.727 -2.389447 -0.292448
2 165 172.067 -1.949814 0.971838
2 166 169.813 -1.526921 0.898161
2 167 167.623 -0.797978 -0.013939
2 168 167.487 -0.292077 -1.468023
2 169 167.431 -0.961944 -1.532311
2 170 166.675 -1.151427 -1.027050
2 171 167.379 -0.674062 -0.435273
2 172 168.927 -0.000708 0.515689
2 173 170.68 -0.555901 0.339884
2 174 174.884 0.307932 0.339814
2 175 -179.165 1.250034 1.589722
2 176 -174.051 2.731533 3.722449
2 177 -165.512 1.961619 4.305227
2 178 -160.085 2.196282 4.802103
2 179 -154.15 1.858773 5.138619
2 180 -149.273 2.119784 4.512645
2 181 -145.503 2.540361 4.436907
2 182 -140.494 2.248727 4.349552
2 183 -131.494 2.000235 4.396887
2 184 -120.164 0.690395 3.636998
2 185 -107.617 -1.092341 3.109687
2 186 -100.284 -0.676469 3.472244
2 187 -95.5507 -1.099127 3.650047
2 188 -92.1255 -1.752964 4.297403
2 189 -88.4738 -2.140967 4.673753
2 190 -85.0676 -1.572811 4.200707
2 191 -81.3038 -2.452378 2.342094
2 192 -79.3695 -2.801561 1.572752
2 193 -79.3478 -1.373628 2.002801
2 194 -78.3661 -1.103634 0.612507
2 195 -79.1846 -1.633528 0.839155
2 196 -78.7585 -2.118226 0.255396
2 197 -80.0746 -2.150049 0.462213
2 198 -81.2742 -2.104179 0.766235
2 199 -82.6259 -3.029413 1.854376
2 200 -82.8583 -3.754043 1.958688
2 201 -81.742 -2.907541 2.087195
2 202 -79.8123 -1.887540 1.309412
2 203 -73.1247 -1.760168 0.412520
2 204 -63.8506 -0.974525 0.069722
2 205 -52.2181 0.585455 1.042444
2 206 -38.9188 0.396389 1.449783
2 207 -27.5322 -0.025223 2.008830
2 208 -20.5079 0.083366 2.867980
2 210 -6.46336 -0.207504 4.523284
2 211 -4.75169 -0.548271 4.270107
2 212 -3.77294 -1.309562 3.445670
2 213 -2.37024 -2.635042 2.577140
2 214 -1.82523 -2.902236 2.204483
2 215 -1.58983 -2.578506 1.852299
2 216 -1.66776 -2.327914 0.861277
2 217 -2.07474 -2.434238 0.325682
2 218 -1.16006 -2.237060 0.560834
2 219 0.663351 -2.822467 0.637001
2 220 3.48569 -3.195719 0.419966
2 221 5.86844 -3.040587 0.539801
2 222 5.28131 -2.144228 1.043457
2 223 4.91375 -1.393554 1.440904
2 225 16.5365 -2.615645 1.673958
2 226 25.9704 -2.734173 1.475391
2 227 39.8789 -3.368887 0.133910
2 228 52.1109 -2.990723 -0.172846
2 229 63.1634 -3.038178 0.614153
2 230 72.2232 -2.864952 1.765459
2 231 77.5156 -1.575665 3.045950
2 232 83.552 -2.241205 3.645263
2 233 87.8768 -2.787299 3.748113
2 234 91.0496 -3.226015 3.097055
2 235 92.311 -2.586895 2.374114
2 236 92.9132 -2.093138 0.941676
2 237 93.6338 -2.355402 0.502230
2 238 93.8117 -3.181177 -1.210325
2 239 91.2253 -2.224080 -0.991848
2 240 92.0213 -3.416199 -0.711266
2 241 90.0475 -5.231311 0.355293
2 242 90.5273 -5.324096 -0.294109
2 243 90.1293 -5.690307 0.292938
2 244 89.6061 -5.910751 0.999103
2 245 90.948 -5.819095 1.016152
2 246 91.6345 -4.349452 1.587056
2 247 91.1552 -3.484183 2.709413
2 248 89.1849 -3.251318 3.749649
2 249 85.5065 -2.871413 3.387122
2 250 78.2486 -1.367811 2.281683
2 251 66.4463 -0.234252 1.456835
2 252 60.2567 -1.065659 0.137755
2 253 51.5798 -2.311199 -0.923782
2 254 44.9909 -3.382192 -1.889153
2 255 40.0749 -3.442421 -1.568977
2 256 36.177 -3.781396 -1.762895
2 257 30.6996 -4.530672 -0.287630
2 258 26.3739 -5.508020 -0.051833
2 259 20.8818 -5.507500 -0.220845
2 260 14.005 -5.587110 0.343815
2 261 7.78546 -4.941155 0.604388
2 262 3.45722 -4.701688 0.475842
2 263 -0.080997 -4.825027 0.336775
2 264 -2.95519 -4.870657 0.602349
2 265 -4.94678 -4.634619 0.497595
2 266 -5.95151 -3.968871 -0.594535
2 267 -7.05617 -3.190312 -0.898742
2 268 -7.45687 -2.161072 -0.907439
2 269 -8.38854 -2.455549 -1.457042
2 270 -12.8225 -2.265299 -1.045996
2 271 -18.7366 -1.671537 -0.506521
2 272 -23.1385 -1.663352 -0.145738
2 273 -26.1057 -2.722553 -0.719305
2 274 -32.2447 -3.528013 -0.568705
2 275 -39.5183 -5.468395 -1.014442
2 276 -48.7286 -6.907891 -0.517707
2 277 -58.5748 -7.943837 0.302234
2 278 -68.4248 -7.319759 0.407811
2 279 -76.6203 -5.488638 -0.134398
2 280 -83.4221 -3.988713 -0.474268
2 281 -88.275 -3.750386 -0.889185
2 282 -90.7447 -4.242603 -0.815559
2 283 -93.7539 -3.842275 -0.770572
2 284 -94.9537 -3.606416 -1.163854
2 285 -96.0675 -3.380068 -1.276084
2 286 -94.5303 -3.221630 -1.189930
2 287 -92.3769 -3.541076 -0.773208
2 288 -91.2569 -4.420090 -0.355253
2 289 -90.36 -3.944276 -0.680433
2 290 -91.7963 -3.041880 -0.877065
2 291 -96.9006 -2.997491 -0.828233
2 292 -103.128 -3.131297 -0.757785
2 293 -110.19 -3.570725 -0.697536
2 294 -117.162 -3.319776 -1.360163
2 295 -126.405 -2.311451 -1.938097
2 296 -137.962 -1.467700 -2.693905
2 297 -147.702 -2.264545 -2.517285
2 298 -155.797 -2.454675 -1.620228
2 299 -161.579 -2.585252 -1.960005
2 300 -167.693 -2.811831 -0.639427
2 301 -173.516 -3.445030 -0.306186
2 302 -179.405 -3.029599 -0.152017
2 303 179.125 -3.839348 -0.851559
2 304 175.143 -2.944270 -0.697690
2 305 173.736 -3.237638 -1.232864
2 309 171.424 -3.591145 -1.824321
2 310 171.145 -3.205628 -1.735588
2 311 172.084 -3.749766 -1.013840
2 312 172.53 -3.824442 -0.970102
2 313 172.685 -3.962071 -1.162485
2 314 171.73 -2.959212 -0.213099
2 315 170.977 -2.351595 0.616403
2 316 172.719 -3.733436 0.485213
2 317 178.615 -4.659250 0.905866
2 318 -173.744 -4.916303 1.581919
2 319 -159.939 -4.374216 1.030322
2 320 -139.301 -4.383733 0.519797
2 321 -118.277 -5.109630 0.597809
2 322 -107.573 -4.176592 1.872895
2 323 -98.9574 -4.278301 2.718548
2 324 -93.1322 -5.229960 2.788280
2 325 -87.698 -5.788043 2.235128
2 326 -85.074 -5.332401 2.210310
2 327 -83.0418 -5.576578 2.084691
2 328 -82.8612 -5.526707 1.719473
2 329 -82.2503 -4.799189 0.125917
2 330 -81.8234 -5.132668 -1.198075
2 331 -81.6238 -5.073180 -1.130039
2 332 -81.3979 -5.001741 -0.436903
2 333 -80.7202 -5.855498 0.062107
2 334 -79.0968 -5.221352 -0.127388
2 335 -77.8639 -4.909746 0.283808
2 336 -77.1453 -4.898140 0.505918
2 337 -74.9044 -4.854269 1.086916
2 338 -67.1798 -4.971595 1.256071
2 339 -54.2461 -4.433919 2.259556
2 340 -44.1349 -4.129208 2.124798
2 341 -33.9727 -4.300852 1.975409
2 342 -24.8652 -3.505490 2.544473
2 343 -16.8254 -3.279889 3.147693
2 344 -9.97259 -3.696571 3.385588
2 345 -7.62251 -2.988592 3.997006
2 346 -4.51866 -3.393413 3.649076
2 347 -3.67447 -3.598537 3.231014
2 348 -3.66441 -3.567703 3.000852
2 349 -3.61532 -3.369336 2.736143
2 350 -3.04853 -2.800216 2.825723
2 351 0.309447 -3.534848 1.643951
2 352 2.26763 -3.638108 1.238325
2 353 7.86847 -3.604187 0.996851
2 354 22.7659 -4.468183 0.595118
2 355 37.4312 -4.568142 -0.432929
2 356 52.1473 -4.512866 -0.968351
2 357 64.7277 -4.000248 0.147913
2 358 75.7138 -4.114292 0.959769
2 359 84.0106 -4.984749 1.411869
2 360 90.3211 -4.705105 2.360749
2 361 93.9714 -4.684649 3.167852
2 362 96.9088 -5.197176 2.516431
2 363 96.8582 -4.815574 1.615036
2 364 96.0054 -5.331630 0.857538
2 365 93.9588 -5.927782 0.826111
2 366 91.4047 -5.768677 1.252345
2 367 90.5409 -5.660481 1.119765
2 368 90.6048 -4.959521 0.561077
2 369 91.9911 -4.410786 0.104648
2 370 93.8417 -4.525253 1.157363
2 371 95.3796 -5.567270 2.024343
2 372 96.6351 -4.790135 2.495709
2 373 96.9714 -4.257366 2.692084
2 374 96.0818 -4.295499 2.098837
2 375 90.3348 -3.994573 2.270312
2 376 86.2319 -4.995979 1.374363
2 377 82.1898 -4.208772 -0.072287
2 378 73.2309 -3.957771 -1.063753
2 379 63.1109 -4.531710 -1.985047
2 380 53.2554 -5.395379 -1.375178
2 381 44.2557 -6.008383 -1.172822
2 382 37.8116 -6.609213 -1.424249
2 383 31.0253 -7.113276 -0.852237
2 384 22.9688 -6.264475 0.364237
2 386 13.1103 -6.163683 1.039624
2 387 8.24135 -6.167012 0.643148
2 388 4.78598 -5.944245 0.618387
2 389 1.70772 -5.806147 0.583457
2 390 -0.702018 -5.604038 0.325058
2 391 -1.99804 -5.639441 0.531404
2 392 -3.77329 -4.950399 0.802333
2 393 -4.55261 -4.086297 0.294294
2 394 -4.75411 -3.734911 -0.225605
2 395 -5.08939 -3.401590 -0.253674
2 396 -2.81751 -4.585223 -0.136829
2 397 -1.75841 -5.503171 0.088560
2 398 -0.120196 -5.970084 -0.418752
2 399 0.621649 -5.334224 -0.373712
2 400 -0.341529 -4.607692 0.445652
2 401 -1.78694 -4.022936 0.493186
2 402 -6.13585 -3.853505 -0.165014
2 403 -10.432 -4.848755 -1.791247
2 404 -20.4032 -3.883156 -2.319645
2 405 -32.331 -3.787339 -3.132701
2 406 -41.5898 -4.103892 -4.371698
2 407 -52.6728 -5.342531 -4.217993
2 408 -65.1717 -5.043365 -1.856821
2 409 -72.5575 -4.754926 -0.420452
2 410 -76.8566 -5.331915 0.380982
2 411 -78.5249 -5.238529 0.622951
2 412 -79.4096 -6.451771 0.980883
2 413 -81.8987 -7.392802 0.967875
2 414 -86.2453 -6.648401 1.571459
2 415 -88.7987 -4.908503 0.099217
2 416 -91.0703 -4.288807 -1.050078
2 417 -91.5577 -5.011358 -2.376019
2 418 -92.4129 -5.066365 -1.697374
2 419 -94.3734 -4.719673 -0.927905
2 420 -95.2684 -4.569720 -1.300591
2 421 -95.5887 -4.479736 -1.523962
2 422 -94.3321 -4.181982 -1.328342
2 423 -91.7798 -4.779817 -1.230486
2 424 -90.0097 -5.192663 -1.560096
2 425 -89.6083 -5.010023 -1.173383
2 426 -92.8117 -4.361090 -0.497186
2 427 -98.8349 -3.560192 0.625351
2 428 -102.993 -3.495756 -0.465361
2 429 -107.019 -4.468677 -2.195211
2 430 -111.808 -4.777890 -3.362669
2 431 -117.772 -3.295782 -3.718621
2 432 -123.464 -1.921379 -5.120530
2 433 -130.757 -1.711963 -5.307732
2 434 -135.23 -2.241264 -5.030522
2 435 -140.931 -3.275662 -4.773807
2 436 -147.946 -4.595629 -3.608476
2 437 -155.189 -5.278559 -2.885062
2 438 -161.802 -6.083983 -2.350738
2 439 -170.03 -6.569244 -0.716608
2 440 -176.604 -6.114198 -0.390551
2 441 178.682 -5.867646 -0.851472
2 447 174.311 -5.297091 -1.792011
2 448 176.419 -6.198052 -1.420697
2 449 177.117 -5.634859 -1.024986
2 450 177.473 -6.315609 -0.711884
2 451 176.861 -6.472368 -0.771602
2 452 175.898 -6.386615 -0.711077
2 453 175.713 -6.243510 -0.792812
2 454 174.222 -5.331277 -0.135814
2 455 176.213 -4.231028 0.078846
2 456 175.923 -3.114960 0.715200
2 457 177.034 -2.896182 0.508215
2 458 177.034 -2.896182 0.508215
2 459 177.034 -2.896182 0.508215
2 460 177.034 -2.896182 0.508215
2 461 177.034 -2.896182 0.508215
2 462 177.034 -2.896182 0.508215
3 97 -4.28816 7.627972 -0.197125
3 98 -4.84034 8.163057 -0.199842
3 99 -6.10106 7.757148 -0.071402
3 100 -5.38414 8.225129 -0.140854
3 101 -5.46532 8.714001 -0.055911
3 102 -5.30927 8.517045 -0.382309
3 103 -4.55376 7.899681 -0.530434
3 104 -3.91203 7.182048 -0.578651
3 105 -2.54057 7.528850 -1.030314
3 106 -2.21571 8.436140 -0.354207
3 107 -3.89112 9.963446 0.308858
3 108 -7.86912 11.479678 1.057318
3 109 -15.4899 15.226082 2.046072
3 110 -22.8797 19.951748 2.932260
3 111 -30.968 25.169603 2.805333
3 112 -39.4459 31.697062 1.348051
3 113 -45.1613 37.032064 -0.427369
3 114 -47.6989 41.561187 -1.655962
3 115 -48.524 42.655607 -2.273319
3 116 -48.2911 42.251821 -2.141065
3 117 -47.5317 41.613576 -2.181102
3 118 -47.3458 41.338437 -2.497504
3 119 -47.1457 41.204362 -2.533651
3 120 -47.1417 41.008066 -2.513848
3 121 -47.0165 40.918413 -2.487371
3 122 -46.0303 40.674095 -2.403654
3 123 -43.6703 40.075649 -2.433815
3 124 -38.1195 38.604745 -2.033075
3 125 -29.0538 36.770634 -1.448826
3 126 -17.2638 35.253592 -1.881689
3 127 -7.58228 35.304909 -3.063354
3 128 3.94572 37.235288 -2.729093
3 129 14.8586 40.311475 -2.313518
3 130 20.0527 43.446851 -2.346532
3 131 21.2243 45.074478 -2.608120
3 132 20.4015 45.352786 -3.125615
3 133 19.9803 45.117971 -2.905153
3 134 19.7851 44.990572 -2.415525
3 135 19.2456 44.707302 -2.304272
3 136 18.8856 44.482977 -2.212013
3 137 18.5862 44.388240 -2.306302
3 138 18.2673 43.937128 -2.601965
3 139 18.4937 42.935543 -2.611589
3 140 19.4629 40.860757 -2.494294
3 141 22.363 37.105347 -1.806520
3 142 25.504 32.410656 -0.980478
3 143 27.9093 26.615075 -0.547186
3 144 33.9352 20.728597 0.222143
3 145 42.2757 17.134835 0.580007
3 146 51.9917 14.063669 0.463022
3 147 61.4204 11.851064 0.286902
3 148 67.4929 11.178325 0.138334
3 149 70.8091 10.939431 -0.001166
3 150 72.0253 11.816521 0.112446
3 151 72.8691 12.476089 0.108143
3 152 72.9617 12.451912 0.022874
3 153 72.5411 12.135457 -0.054724
3 154 71.5856 12.233419 0.070366
3 155 70.8313 12.225739 0.227407
3 156 71.225 12.108507 0.335030
3 157 71.3662 11.950358 0.272600
3 158 70.9794 11.837886 0.317129
3 159 68.341 10.795851 0.327569
3 160 62.7284 10.102716 0.148611
3 161 53.156 9.416643 -0.119849
3 162 39.6022 8.672108 -0.756769
3 163 27.0514 8.302251 -1.135436
3 164 15.6397 7.857365 -1.555999
3 165 5.16919 7.586115 -1.632320
3 166 -1.93742 7.381979 -1.608515
3 167 -6.14161 7.145752 -1.717311
3 168 -6.81566 6.782549 -1.785752
3 169 -5.54252 7.022181 -1.499934
3 171 -4.77092 7.562204 -0.939823
3 172 -4.63527 7.273898 -1.025304
3 173 -4.75511 6.871169 -0.927285
3 174 -5.55498 6.860871 -0.822467
3 175 -7.71918 7.695932 -0.642057
3 176 -11.4352 10.165334 -0.419190
3 177 -17.592 14.824328 -0.047362
3 178 -24.4532 20.582944 -0.248103
3 179 -31.0798 28.423325 -0.356427
3 180 -36.7786 35.203655 -0.802049
3 181 -42.1667 40.600299 -2.185334
3 182 -44.8914 43.704580 -2.635552
3 183 -45.1925 44.098379 -2.622817
3 184 -44.2428 43.299809 -2.385822
3 185 -43.4305 42.584307 -2.381167
3 186 -43.0643 42.096743 -2.519876
3 187 -42.4445 41.900228 -2.369633
3 188 -42.2547 41.878219 -2.416204
3 189 -42.1951 41.667320 -2.698496
3 190 -40.335 40.500552 -2.345669
3 191 -31.6303 38.614446 -1.198065
3 192 -20.9613 37.386774 -1.089482
3 193 -9.62392 37.104806 -1.365827
3 194 3.99612 38.115946 -1.481279
3 195 13.4607 40.073947 -1.678188
3 196 20.765 43.097823 -1.346252
3 197 23.8949 45.855827 -1.653077
3 198 23.9919 46.545575 -2.129229
3 199 23.4104 46.519075 -1.857922
3 200 22.3857 45.555865 -1.722958
3 201 21.5918 45.129711 -1.685816
3 202 21.0771 45.418480 -1.679600
3 203 21.1767 45.070223 -1.611667
3 204 23.3602 42.022282 -0.269124
3 205 27.1171 35.971930 0.841402
3 206 35.8004 28.293955 2.310580
3 207 44.9444 20.918603 2.356526
3 208 52.9532 15.439903 1.690832
3 209 60.8028 11.628013 1.088762
3 210 65.7258 9.275734 0.975119
3 211 67.2457 8.439208 1.703469
3 212 67.5351 7.989009 1.661045
3 213 68.16 7.594952 1.311940
3 214 68.5139 7.348461 1.146809
3 215 68.7714 7.308334 0.969850
3 216 68.8681 7.364240 0.816871
3 217 68.7718 7.570971 0.805174
3 218 68.541 7.452886 0.648148
3 219 68.2875 7.251116 0.479831
3 220 68.3081 7.264390 0.449246
3 221 68.0014 7.022500 0.506629
3 222 68.007 7.047071 0.668880
3 223 67.4559 7.213409 0.864822
3 224 67.1323 7.262634 0.691454
3 225 66.3526 7.615729 0.871870
3 226 65.3252 7.881773 0.877018
3 227 64.7739 7.851668 1.010085
3 228 63.9955 7.652628 0.933185
3 229 63.7791 7.867828 0.848523
3 230 66.7979 8.919250 0.464713
3 231 76.1174 11.963096 -0.807510
3 232 88.6364 17.091427 -1.523278
3 233 98.4302 20.787578 -1.560672
3 234 106.847 25.180115 -1.566826
3 235 111.791 30.930381 -1.541888
3 236 115.589 38.105257 -1.405474
3 237 119.522 46.357891 -0.552029
3 238 120.139 50.395619 -0.543171
3 239 119.875 51.579988 -0.936712
3 240 118.635 50.700109 -1.471045
3 241 117.855 49.907659 -1.738552
3 242 117.179 49.546303 -1.802740
3 243 117.278 49.586856 -1.448095
3 244 116.947 49.431646 -1.447220
3 245 116.693 49.072004 -1.538289
3 246 116.356 48.629204 -1.409354
3 247 114.26 47.860752 -1.405842
3 248 107.851 46.861469 -1.546933
3 249 95.3498 45.040416 -2.238533
3 250 83.1755 42.802318 -2.347142
3 251 72.2566 40.529541 -1.630958
3 252 60.3604 38.417067 -1.130783
3 253 51.5152 36.977276 -0.449590
3 254 41.6534 35.898532 0.370436
3 255 32.0109 36.981091 0.263171
3 256 26.7736 37.979581 0.042419
3 257 25.0174 38.763137 0.530837
3 258 25.1141 39.547656 0.364683
3 259 24.5442 40.402651 -0.250864
3 260 24.531 40.897269 -0.714916
3 261 23.9354 41.146212 -1.017451
3 262 23.4411 41.044563 -1.118964
3 263 23.6916 40.996392 -0.756195
3 264 22.9683 40.775439 -0.195080
3 265 21.4465 40.398725 0.298362
3 266 17.8111 40.586373 0.887303
3 267 8.77616 40.748046 0.545727
3 268 -6.88282 40.196894 -1.600919
3 269 -20.0372 39.511465 -3.296075
3 270 -29.1082 38.893662 -3.807582
3 278 -30.9172 35.352616 -1.676086
3 279 -23.8898 30.147381 -0.797643
3 280 -16.3374 22.554117 -0.471749
3 281 -11.0162 15.696739 -0.438303
3 282 -7.68468 10.112227 -0.132803
3 283 -6.3081 6.227308 -0.143902
3 284 -5.59408 5.706836 -0.688184
3 285 -5.2556 6.695415 -1.201851
3 286 -5.49727 7.506875 -1.224559
3 287 -5.38949 7.967859 -1.339644
3 288 -3.46978 8.208440 -1.056252
3 289 2.98941 8.605953 -0.948501
3 290 13.7732 9.330923 -1.090864
3 291 26.8634 9.828731 -0.106779
3 292 39.7977 9.377112 0.930784
3 293 48.7327 8.166120 0.897595
3 294 56.7291 7.200392 0.952846
3 295 62.6141 6.936773 0.456773
3 296 64.5716 7.150519 -0.884967
3 297 64.7856 7.049705 -1.709319
3 299 65.4766 6.667314 -1.089777
3 300 65.2753 6.703989 -0.736605
3 301 65.6513 6.741126 -0.562954
3 302 65.8939 6.594905 -0.486605
3 303 65.7903 6.367632 -0.135637
3 304 65.8659 6.267321 -0.000625
3 305 66.1669 6.285882 0.134360
3 306 67.0564 6.838692 -0.086003
3 307 69.8928 9.128666 -0.138655
3 308 72.174 13.958101 0.420830
3 309 65.4905 20.932846 1.671264
3 310 52.6788 28.035826 1.657767
3 311 37.3728 35.636242 0.195730
3 312 25.9978 41.041216 -1.468283
3 313 19.779 43.681990 -2.536729
3 314 18.9626 45.403538 -2.364283
3 315 20.3508 45.655672 -2.247783
3 316 22.1305 45.201992 -2.069128
3 317 23.3606 44.478738 -2.416453
3 318 23.5965 43.881809 -2.759790
3 319 24.0374 43.846083 -2.718126
3 320 23.521 44.050454 -3.142092
3 321 23.6016 44.804731 -3.232585
3 322 24.107 45.063870 -3.301312
3 323 30.743 44.128911 -2.222988
3 324 43.4309 41.647154 -0.651850
3 325 62.538 38.765989 0.844386
3 326 82.9558 37.018644 1.074160
3 327 97.6401 37.680898 0.701507
3 328 105.282 38.791475 0.015004
3 329 109.236 41.000018 -0.603321
3 330 111.498 43.286211 -0.571802
3 331 112.876 45.221458 -1.321843
3 332 115.994 46.891991 -1.246332
3 333 117.094 47.759530 -1.658200
3 334 116.97 48.351972 -2.174292
3 335 116.737 48.761075 -2.827079
3 336 116.609 48.625180 -2.893433
3 337 116.497 48.365243 -2.719991
3 338 115.66 48.008045 -2.395884
3 340 104.474 40.742548 -3.939533
3 341 95.4159 33.424884 -4.162506
3 342 85.6838 24.940907 -3.741463
3 343 78.116 17.451897 -2.713082
3 344 73.053 10.872109 -1.607302
3 345 72.535 6.858461 -0.785705
3 346 72.6641 5.304393 -1.134509
3 347 73.0885 5.668594 -1.666334
3 348 73.0302 6.074220 -1.252552
3 349 72.3665 6.336263 -0.407328
3 350 70.9024 5.909252 -0.758473
3 351 71.3406 5.917962 -1.539166
3 353 69.2822 6.147253 -1.000819
3 355 58.0145 9.528822 -0.451382
3 356 45.2756 13.099936 -0.527047
3 357 27.9667 17.403387 -1.033482
3 358 12.4729 19.663058 -1.263971
3 360 -12.4393 24.165632 -1.806778
3 361 -14.6362 25.140497 -0.498518
3 362 -16.1932 25.138701 0.353740
3 363 -18.7798 26.918706 0.967709
3 365 -28.0847 34.112622 0.630127
3 367 -33.8393 42.442210 -0.073117
3 368 -35.266 45.075355 -0.307729
3 369 -37.2027 46.885581 -1.957629
3 370 -38.0998 47.651872 -3.026316
3 371 -39.6789 47.454176 -3.952304
3 372 -39.2676 47.016221 -3.598370
3 373 -38.6494 46.481738 -3.104533
3 374 -37.5884 46.287728 -2.535949
3 375 -37.6271 46.090325 -2.783157
3 376 -38.4218 45.860524 -3.274081
3 377 -39.0512 45.574000 -3.609558
3 378 -39.496 45.134103 -4.124325
3 379 -38.98 44.929043 -4.525051
3 380 -36.9155 44.417754 -5.100851
3 381 -31.3076 43.131437 -5.658343
3 382 -20.9977 41.828853 -5.609723
3 383 -11.7461 40.599344 -5.741296
3 384 -0.768797 40.148616 -4.366639
3 385 14.4516 39.833789 -1.042739
3 386 23.9626 39.316631 0.137284
3 387 31.6104 39.078834 1.227064
3 388 34.0375 38.595145 0.976024
3 389 31.0763 39.663034 -0.468781
3 390 29.4335 41.833344 -0.820142
3 391 27.6398 42.795469 -1.402562
3 392 26.4886 43.148701 -2.108064
3 393 26.3896 43.568046 -2.559368
3 394 26.6834 44.151698 -2.866881
3 395 26.7155 44.419558 -3.209749
3 396 26.3919 44.382725 -3.677460
3 397 27.252 42.842143 -3.936233
3 398 32.3309 38.391343 -2.839948
3 399 39.7403 30.840560 -1.491856
3 400 48.7584 21.148268 -0.193813
3 401 55.5375 14.565874 0.219273
3 402 60.6028 10.398772 0.442677
3 403 63.3703 8.016321 -0.030810
3 404 66.6275 8.302163 -0.277844
3 405 70.0567 8.782567 -0.491523
3 406 72.7522 9.102803 -0.016193
3 407 74.0079 9.530384 0.150144
3 408 74.3366 9.493372 0.068433
3 409 73.8691 8.537609 0.472438
3 410 73.0625 8.274981 0.559925
3 411 72.7917 8.037409 0.018804
3 412 71.6204 7.323713 -0.146502
3 413 70.3998 7.065929 -0.286811
3 414 69.7501 6.921399 -0.430491
3 415 70.5815 7.221730 -0.580281
3 416 74.3107 9.595328 -0.922259
3 417 81.9434 14.317261 -2.273393
3 418 91.9162 20.899463 -3.279598
3 419 99.2341 28.029428 -2.620329
3 420 103.25 33.221593 -3.778641
3 421 106.739 38.211682 -4.544450
3 422 110.538 43.335881 -5.754904
3 423 115.401 47.073270 -4.887872
3 424 119.435 48.159799 -3.660387
3 425 123.502 47.878825 -2.167083
3 426 124.388 47.380417 -1.958155
3 427 124.473 46.843519 -1.770836
3 428 123.927 46.979506 -1.724880
3 430 123.647 47.701037 -2.195769
3 431 123.084 47.763122 -2.519661
3 432 122.435 47.737470 -2.772301
3 433 122.526 47.663842 -2.494233
3 434 122.383 47.555960 -2.425287
3 435 121.99 47.578599 -2.702919
3 436 121.851 47.550069 -2.800495
3 437 121.956 47.365554 -2.609848
3 438 121.574 47.184634 -2.451943
3 439 120.693 46.975279 -2.477787
3 440 118.407 45.587455 -2.877293
3 441 112.889 41.366151 -3.846574
3 442 104.977 33.133421 -4.320570
3 443 93.8251 22.430936 -4.293956
3 444 85.9389 15.786597 -2.459441
3 445 77.6857 11.468760 -1.217738
3 446 72.2062 8.353661 -0.956817
3 447 69.9513 6.838408 -1.345904
3 448 70.1847 6.131333 -1.564197
3 449 70.687 5.480804 -1.249251
3 450 70.646 5.565321 -1.011238
3 451 68.796 5.093200 -1.138692
3 452 68.4391 4.835481 -1.342477
3 453 68.7231 4.647689 -1.160681
3 454 68.9806 4.925999 -0.929045
3 455 68.7715 5.390085 -0.823101
3 456 68.6593 5.895001 -1.140121
3 457 70.8209 7.879069 -1.105238
3 458 80.2873 14.376490 -0.672607
3 459 89.5472 23.114644 1.478959
3 461 71.213 27.507127 -7.192922
3 462 63.5335 29.811674 -9.804342
3 463 57.0422 36.554343 -11.855754
3 465 36.2514 30.347276 -14.014048
3 466 26.5259 24.774672 -12.343788
4 96 -6.16834 5.349253 -1.440947
4 97 -7.44352 4.721127 -1.639039
4 98 -8.58325 4.822883 -1.706959
4 99 -8.98558 6.321698 -1.570711
4 100 -9.82245 6.194108 -1.280887
4 101 -9.85273 5.175873 -1.143564
4 102 -9.90157 5.280712 -1.239819
4 103 -8.23146 5.749752 -1.625477
4 104 -7.00949 6.090366 -1.784360
4 105 -5.62394 5.964068 -1.813145
4 106 -4.71929 4.954466 -1.539614
4 107 -5.65641 5.369627 -1.539858
4 108 -6.84049 5.678110 -1.487462
4 109 -9.14919 6.191457 -1.073025
4 110 -8.92474 5.867148 -1.189285
4 111 -8.44036 5.578526 -2.004706
4 112 -7.70295 6.282426 -2.270775
4 113 -6.97332 6.579541 -1.967495
4 114 -8.04668 8.019608 -1.736551
4 115 -12.125 11.400666 -1.083623
4 116 -15.0354 14.195069 -0.018825
4 117 -19.2073 17.874997 0.727132
4 118 -24.5325 22.511049 1.758905
4 119 -29.4478 28.331964 2.507205
4 120 -31.271 31.702705 4.203632
4 121 -33.1725 33.584447 3.886626
4 129 -30.5834 45.118151 7.966185
4 130 -31.5828 44.926191 7.556056
4 131 -32.7151 44.784646 7.096971
4 132 -33.6344 44.744818 6.623520
4 133 -33.0078 44.987877 6.964744
4 134 -31.6597 44.473422 7.394399
4 135 -30.9397 44.230892 7.358009
4 136 -30.6566 44.160706 7.559586
4 137 -31.2431 45.515890 7.073175
4 138 -32.0442 44.775314 6.885009
4 140 -39.1007 38.524669 3.093380
4 141 -45.512 32.092548 -0.564951
4 142 -53.8641 27.614846 -2.277185
4 143 -62.1587 21.503061 -3.578477
4 144 -69.6373 17.830226 -4.047696
4 145 -73.3464 14.604570 -3.569729
4 147 -85.2801 6.431655 -1.726088
4 148 -91.523 5.420969 -1.116481
4 149 -95.1832 5.911501 -0.775051
4 150 -96.39 4.397555 0.294276
4 151 -96.0563 4.185548 0.742091
4 152 -96.4628 4.735825 0.314427
4 153 -98.2247 5.392552 -0.320371
4 154 -97.3224 4.425528 -0.165778
4 155 -97.8145 4.796880 -0.686371
4 156 -98.104 5.413413 -0.941844
4 157 -98.2106 5.761612 -1.448104
4 158 -98.1311 6.400991 -1.801076
4 159 -98.1236 6.491957 -1.857259
4 160 -97.9193 6.677423 -1.680693
4 161 -97.5632 7.294389 -1.619416
4 162 -97.6295 7.456018 -1.826469
4 163 -96 7.467696 -2.036343
4 164 -90.3731 8.337524 -2.329653
4 165 -81.2957 10.180999 -2.435129
4 166 -71.9525 12.162355 -2.934478
4 167 -62.2857 13.747515 -3.277699
4 168 -55.2165 15.270711 -3.101473
4 169 -49.3505 15.318968 -3.248877
4 170 -43.8385 15.267019 -2.754178
4 171 -39.9479 17.985251 -2.356307
4 172 -38.1695 21.641534 -1.270026
4 173 -35.6054 25.937837 -0.402797
4 174 -33.8534 32.304710 1.000831
4 175 -32.2281 36.295029 1.136380
4 176 -30.5323 38.978947 2.067487
4 177 -26.6731 38.192454 2.805756
4 183 24.637 41.049973 8.634506
4 184 27.9132 43.601917 8.646267
4 185 27.8852 45.664630 7.730002
4 186 27.9291 47.463310 7.367287
4 187 28.1692 47.000737 6.927834
4 188 28.3968 47.632055 6.589179
4 189 30.0323 45.662052 6.400105
4 190 29.7808 46.709031 5.689333
4 191 31.3406 45.971971 6.414278
4 192 31.5039 44.793889 6.163948
4 193 29.951 44.881875 5.261358
4 194 32.949 42.822563 6.296385
4 195 35.8004 41.376525 5.085368
4 196 43.6372 39.966454 4.909019
4 197 55.2334 38.357653 5.575792
4 198 68.76 36.629892 5.761546
4 199 78.3282 35.971114 4.272388
4 200 89.6475 34.874106 4.174284
4 201 101.275 33.562892 3.033441
4 202 108.019 33.608973 2.485600
4 203 113.354 34.108023 1.966302
4 204 117.598 35.662504 1.591939
4 205 119.366 37.507220 1.094759
4 206 119.735 38.177841 -0.075041
4 207 123.523 39.379537 1.477499
4 208 125.127 39.038937 2.323994
4 210 124.123 41.315624 0.170257
4 213 123.477 42.554877 0.191940
4 214 123.546 43.608848 -0.259340
4 215 123.814 44.062455 -0.157695
4 216 123.693 44.320326 -0.254436
4 217 124.298 44.636022 0.022917
4 218 124.312 44.444160 0.073542
4 219 124.389 44.590897 0.429713
4 220 123.606 44.534812 0.208816
4 221 123.623 43.734319 0.191194
4 222 124.264 42.165776 0.884835
4 223 124.405 39.919512 0.943416
4 224 124.054 37.553248 0.845613
4 225 122.724 34.863621 0.226778
4 226 120.225 31.915290 -0.322733
4 227 117.105 29.440856 -0.516280
4 228 113.848 27.183122 -0.451636
4 229 111.652 23.508047 -0.406182
4 230 105.976 21.062698 -0.643302
4 233 73.2324 15.631746 -2.245205
4 234 59.8669 16.073361 -1.568770
4 235 50.132 16.375384 -0.928047
4 236 42.5875 16.059756 -1.193863
4 237 33.2869 16.584969 -1.480770
4 238 27.1041 18.630258 -0.908931
4 239 23.182 20.369684 0.417080
4 241 18.3324 24.839934 1.226303
4 242 18.8575 28.499154 0.159176
4 243 19.4123 34.561022 0.802048
4 244 20.8525 38.588683 1.193156
4 249 21.5861 48.980006 0.338394
4 250 24.8545 48.674421 3.261115
4 252 26.5843 44.706139 0.870883
4 254 30.921 43.376885 2.111323
4 255 30.0889 43.858291 2.998849
4 256 26.816 45.388681 2.924511
4 258 26.3749 50.821048 3.314210
4 259 28.6102 49.537847 3.742926
4 260 25.1507 47.997511 1.215034
4 261 27.0302 45.566634 1.827801
4 262 28.9634 42.732622 1.394304
4 264 34.9025 35.491993 1.449826
4 265 39.6247 31.773471 1.436552
4 268 57.9567 21.444286 3.074005
4 269 63.4748 17.164369 2.161276
4 271 68.4952 9.628209 1.226857
4 272 70.5133 8.985273 0.903546
4 273 73.9497 8.379835 0.282086
4 274 75.8259 7.408911 -0.325869
4 275 74.3005 7.536253 -0.697692
4 276 75.8437 6.711603 -0.399986
4 277 74.5416 7.293764 0.627343
4 278 74.6365 6.703397 0.851715
4 279 74.0381 7.317010 1.464428
4 280 74.62 7.176912 1.513440
4 281 75.356 6.592211 1.017680
4 282 77.9934 5.836546 0.675697
4 283 78.6293 5.612770 0.641715
4 284 76.4872 5.629780 0.746133
4 285 75.8111 6.214928 0.557435
4 286 75.1141 6.517982 0.163236
4 287 74.1199 6.586768 0.052569
4 288 74.5923 6.766940 -0.331265
4 289 74.7118 7.055541 -0.337674
4 290 74.7229 7.868700 -0.705910
4 291 77.7596 8.506848 -0.646314
4 292 83.0152 9.149505 -0.962800
4 293 88.9509 9.457424 -1.302276
4 294 95.7922 10.767074 -2.056738
4 295 103.635 12.698952 -1.660891
4 296 110.12 13.898195 -1.638079
4 297 115.911 17.171949 -1.291375
4 298 120.305 19.804781 -0.725689
4 299 125.263 22.376217 -0.183138
4 300 126.651 25.887588 -0.606151
4 301 132.129 28.439566 1.136949
4 302 135.184 31.817689 3.753631
4 303 131.572 37.235253 3.026212
4 304 131.883 42.311967 3.866200
4 305 127.976 45.291561 1.672114
4 306 129.708 44.951385 2.634722
4 307 127.943 45.627541 1.376646
4 308 128.868 46.308776 1.495128
4 309 126.506 48.323001 0.624051
4 311 124.813 50.054872 -0.197856
4 312 124.265 50.234024 -1.681696
4 313 125.394 49.521758 -0.846275
4 314 125.845 49.798051 -0.794181
4 315 127.343 50.057466 0.120565
4 316 128.509 49.932602 0.189904
4 317 128.685 49.376057 -0.127981
4 318 128.402 48.747593 -0.961260
4 319 129.24 47.828631 -0.948723
4 320 129.717 45.333606 -0.747742
4 321 128.393 40.480548 -1.454093
4 322 125.37 36.274969 -2.039233
4 323 117.873 33.165614 -3.729827
4 324 108.893 30.124382 -4.384871
4 325 100.889 23.890917 -4.012935
4 326 88.4164 20.736844 -4.203719
4 327 76.9718 18.468527 -3.209401
4 328 69.7511 16.172168 -2.483390
4 331 41.5072 20.368564 1.138282
4 332 34.6771 27.415838 2.176344
4 333 30.4921 37.380284 0.907338
4 335 19.9281 40.794284 0.791549
4 336 13.9732 41.874131 0.302732
4 337 -0.075248 42.073553 -1.175648
4 342 -35.4802 44.149148 2.483152
4 343 -31.8121 49.246712 4.700176
4 344 -27.5981 47.754115 5.718503
4 346 -27.1107 43.139755 6.229310
4 348 -26.2544 41.853171 5.911801
4 349 -26.627 41.647801 5.572902
4 350 -29.7832 42.646561 3.841982
4 351 -29.2356 42.903491 4.232045
4 354 -14.2353 31.840823 4.781538
4 357 9.63355 28.753958 2.609994
4 358 15.4389 30.409219 2.441138
4 359 20.5076 30.867185 2.333446
4 372 29.5496 47.896975 2.818481
4 373 30.2933 45.765851 3.111471
4 374 30.4594 45.741419 3.410385
4 375 30.4406 46.083519 3.412822
4 376 33.0157 48.110189 4.887646
4 377 32.6697 50.453251 4.687624
4 378 34.0209 48.355822 5.102689
4 379 33.4912 44.089206 3.519453
4 380 38.9164 37.609239 4.023620
4 381 46.3549 29.627564 4.669643
4 382 53.0794 22.498155 4.417983
4 383 59.7956 17.228903 3.507580
4 384 63.4986 15.081423 2.640724
4 385 66.8243 12.265913 2.345773
4 386 70.4366 10.493621 2.335518
4 387 76.2692 8.776410 1.966618
4 389 77.921 7.909739 -1.693431
4 390 79.3312 4.966659 -2.596389
4 391 78.4237 5.745376 -1.988900
4 392 76.2214 5.070761 -0.516182
4 393 74.8478 4.507628 0.965922
4 394 73.714 6.832207 1.634914
4 395 75.7784 5.389001 2.258903
4 396 76.1868 4.818753 1.851670
4 397 77.8517 4.460134 1.424894
4 398 78.2597 4.826796 1.656077
4 399 77.3733 5.350793 1.908079
4 400 76.9809 5.426061 2.082070
4 401 76.5464 6.150562 2.077124
4 402 77.1426 6.201150 1.832391
4 403 78.14 6.028075 1.484610
4 404 77.473 5.991748 1.525639
4 405 76.4872 5.741330 1.623271
4 406 76.2247 5.408951 1.966419
4 407 76.8075 5.175805 1.563873
4 408 77.3356 5.188012 1.620124
4 409 77.4712 6.242628 1.095230
4 410 76.4806 6.134570 1.036408
4 411 77.6002 6.233294 0.794670
4 412 77.8476 6.210213 0.101208
4 413 79.1499 6.660809 -0.503792
4 414 81.4232 6.843011 -1.025929
4 415 86.3192 7.227111 -1.209761
4 416 93.2308 7.665914 -1.480838
4 417 101.554 7.936017 -1.240355
4 418 109.625 9.534821 -0.665362
4 419 116.438 11.064717 -0.762480
4 420 123.037 14.692914 -0.847783
4 421 127.533 18.266042 -1.102536
4 422 129.682 20.627973 -1.324032
4 423 129.783 23.744366 -1.372833
4 424 130.497 28.377008 -0.770235
4 425 131.067 32.839500 -0.384988
4 426 131.251 37.407329 -0.100869
4 427 131.598 40.556100 0.405139
4 428 130.269 43.506569 0.044719
4 429 129.742 45.508189 1.475603
4 430 128.678 47.201605 2.134022
4 432 127.229 48.459407 1.064510
4 433 128.673 48.200840 1.495887
4 436 127.832 49.393662 0.470756
4 437 127.227 49.271035 -0.137562
4 438 127.141 48.349671 -0.016061
4 439 127.624 46.921190 -0.395008
4 442 126.638 47.712419 -1.210730
4 444 126.435 47.434139 -1.624113
4 446 128.105 46.857308 -1.097377
4 447 129.358 46.154189 -0.241713
4 448 128.892 45.652387 0.137561
4 450 127.515 46.774944 -1.289860
4 451 127.747 46.574086 -1.183259
4 452 127.767 44.914181 -1.160999
4 453 127.58 42.508635 -0.975890
4 454 127.141 40.880466 -1.073005
4 455 127.227 39.570640 -1.100882
4 456 127.058 38.523485 -1.304209
4 457 126.748 39.078107 -1.656796
4 458 127.104 39.964286 -1.335265
4 460 126.345 37.731503 -0.415123
4 461 124.66 33.960592 0.004581
4 462 123.055 29.288636 -0.042514
4 465 119.811 17.335695 -0.075554
4 466 119.206 13.808731 -0.628136
4 468 107.163 10.309658 -1.792110
4 469 98.7597 8.656941 -1.292426
4 470 91.6759 8.298048 -0.670631
4 471 86.3964 7.776959 -0.762909
4 472 82.4848 7.665591 -0.251874
4 473 80.4211 7.631045 -0.223742
4 474 77.545 7.631407 0.265952
4 475 74.8923 7.812270 0.522297
4 476 74.2418 7.733424 1.286363
4 477 74.5147 6.982476 1.954557
4 478 76.5421 7.530900 1.010688
4 479 76.2258 8.877717 0.707991
4 480 79.3478 6.918848 0.547444
4 481 77.457 6.141148 1.201591
4 482 75.8038 5.920073 1.281763
4 483 75.3262 4.560876 1.801006
4 484 76.2259 3.322034 1.683481
4 485 76.4844 3.420592 0.977194
4 486 75.7361 3.520182 0.798866
4 487 75.5801 3.398832 0.656627
4 488 75.3832 3.867776 0.529884
4 489 75.1505 4.082376 0.307035
4 490 74.7372 4.007983 0.261996
4 491 73.3316 4.470836 0.002598
4 492 70.9457 5.205685 0.249682
4 493 65.7796 4.770046 0.107265
4 494 58.8235 4.089665 -1.090815
4 495 51.4717 6.133696 -0.800746
4 496 46.474 10.503049 0.115576
4 497 38.6722 20.719371 0.675559
4 498 35.4079 28.232186 1.444625
4 499 31.7361 34.068522 2.461684
4 500 28.6876 38.097732 1.411328
4 501 24.39 41.774912 0.218036
4 502 19.1494 43.287698 -1.988314
4 506 18.4425 44.323020 -3.568758
4 507 21.7449 46.644260 -3.229430
4 508 24.9848 47.256741 -2.640869
4 509 23.736 46.928848 -3.338733
4 510 24.3812 46.361658 -2.267989
4 511 23.7337 46.202277 -2.534799
4 512 22.2155 46.081353 -3.706558
4 513 22.201 45.629485 -4.090804
4 514 23.0511 45.240841 -3.273718
4 515 23.2211 44.327326 -1.884366
4 516 23.6153 44.175464 -1.782733
4 517 23.6332 43.784444 -1.666690
4 518 23.9863 43.175732 -1.192710
4 519 23.8031 41.853085 -0.723089
4 520 22.5035 41.282350 -0.579129
4 521 22.3903 40.761273 -0.336204
4 523 15.2409 38.893148 -1.464013
4 524 6.53611 38.514229 -1.997841
4 525 -5.26658 38.498740 -3.142748
4 526 -17.5901 36.382932 -5.207401
4 527 -26.1566 36.028172 -4.630957
4 529 -33.0322 38.804281 -1.867486
4 530 -31.9681 42.291717 -0.358397
4 531 -28.4235 43.959970 1.790571
4 532 -27.3188 45.853874 3.395358
4 533 -28.03 46.677831 3.442485
4 535 -26.0011 44.953099 4.185799
4 536 -25.849 42.937960 4.215595
4 537 -26.1853 42.820235 3.916508
4 538 -25.5672 42.972195 4.088147
4 539 -26.0467 43.170174 3.459722
4 540 -25.6316 42.631784 3.607794
4 541 -25.0107 41.944796 4.021390
4 542 -23.5846 41.636649 4.532335
4 543 -23.0497 42.484653 4.179245
4 544 -22.5798 43.492966 4.069293
4 545 -21.9667 43.714313 4.534412
4 546 -22.0837 43.053875 4.717713
4 547 -24.1121 39.883153 3.572034
4 548 -25.2322 38.097621 3.087921
4 549 -25.7378 36.891735 2.570728
4 550 -24.8358 36.962881 2.737578
4 551 -23.5402 36.301229 2.490631
4 552 -21.5697 35.866128 1.860309
4 553 -18.7573 35.440853 1.355715
4 554 -13.4418 35.561569 1.810462
4 555 -5.8099 34.981651 1.752464
4 556 2.03056 35.621175 1.612319
4 557 10.0511 35.926397 1.514264
4 558 15.3919 37.036142 0.807926
4 559 19.8905 38.241544 1.253040
4 560 21.8956 40.148512 1.231991
4 563 26.9458 45.092319 2.042154
4 564 28.2367 46.078102 3.013183
4 565 29.0383 46.935790 3.616730
4 566 30.5707 46.792558 4.221461
4 567 29.9963 47.313797 3.496089
4 568 29.9797 47.553254 2.831095
4 569 30.2914 48.563770 2.907954
4 571 32.2462 48.488594 3.654115
4 572 32.8398 47.259942 3.407066
4 573 31.4846 47.211784 2.241801
4 574 33.0773 47.089073 2.912934
4 575 33.0162 46.877607 2.999329
4 576 33.2579 46.822717 3.184068
4 577 33.6507 47.364331 3.526348
4 578 33.4883 47.636024 3.506653
4 579 33.8723 46.990508 3.829979
4 580 32.3214 46.834379 2.899776
4 581 32.4148 46.703339 3.021198
4 582 32.3349 47.308781 2.756834
4 583 32.5508 47.668097 2.680874
4 584 32.8786 47.828415 2.515599
4 585 31.8633 48.226485 1.262124
4 586 32.8162 48.065990 1.771784
4 587 33.0201 47.545424 1.861893
4 588 33.6868 46.667256 1.983199
4 589 32.717 46.815822 1.333423
4 591 33.7355 47.075356 1.514147
4 592 34.1706 47.702359 1.425426
4 594 33.3231 46.840786 0.867192
4 595 35.4392 44.406023 1.298879
4 596 36.6124 41.927725 1.400556
4 597 37.1676 41.006220 0.718826
4 598 40.5663 39.790021 1.145124
4 599 45.4578 37.951251 1.951836
4 600 50.289 36.734428 1.737999
4 601 56.8057 37.101914 1.377451
4 602 64.5448 38.604406 0.902681
4 603 72.9734 40.191248 1.114541
4 604 81.4592 40.314069 0.953385
4 605 88.7336 40.036484 1.241608
4 606 95.3738 39.963925 1.656243
4 607 104.034 39.882391 2.645174
4 608 110.404 40.659845 2.838142
4 609 115.71 41.670044 2.907313
4 610 121.612 42.588651 3.003541
4 611 124.498 43.822322 3.009013
4 612 126.42 45.067672 2.935060
4 616 125.83 45.175976 1.036076
4 617 125.617 44.541638 0.276019
4 618 125.715 43.965740 -0.031771
4 619 125.771 43.772084 -0.290279
4 620 125.692 43.639221 -0.149316
4 621 126.124 43.743462 0.439351
4 622 126.451 43.960575 0.707379
4 623 126.658 43.815784 0.627983
4 624 126.392 43.703925 0.541179
4 625 126.143 43.737291 0.445507
4 626 125.614 43.620563 0.374622
4 627 125.46 43.356290 0.065792
4 628 125.016 43.650317 -0.449267
4 632 123.392 42.710191 -1.418221
4 633 123.215 42.449769 -1.814994
4 634 122.754 41.827779 -2.078149
4 635 123.175 41.180225 -1.882181
4 638 122.871 41.095120 -2.222185
4 639 122.57 40.693592 -2.506295
4 643 123.042 40.645885 -2.212490
4 657 110.471 24.229798 -2.909186
4 658 105.779 21.541671 -2.714398
4 661 93.1421 16.272875 -2.418180
4 662 88.2065 15.207206 -2.369256
4 663 83.2437 14.416107 -2.502634
4 664 79.6476 13.536318 -2.276162
4 665 76.9672 12.963556 -2.176073
4 666 75.8893 12.362555 -1.412465
4 667 75.8881 11.685037 -0.830260
4 668 77.3436 10.584693 -0.214216
4 669 76.8169 8.832328 0.441638
4 670 75.6723 7.523083 1.053126
4 671 73.9141 6.642860 1.006507
4 672 74.2682 6.232768 0.819979
4 673 75.9551 5.433275 0.529475
4 674 75.6927 5.300265 0.115800
4 675 74.2167 4.875198 0.384274
4 676 73.1967 3.810141 0.700957
4 677 72.8545 3.971843 0.564641
4 678 73.3412 4.460440 0.970510
4 679 74.0197 4.494469 1.290169
4 680 74.4268 4.482787 1.394617
4 681 73.7872 4.422984 1.542440
4 682 73.3673 4.053261 1.562819
4 683 73.4781 3.456188 1.379107
4 684 74.1915 2.999654 0.536885
4 685 75.2828 1.729433 -0.161903
4 686 73.5803 1.553546 0.336817
4 687 72.6663 1.764396 0.493709
4 688 72.9104 2.363371 0.020291
4 689 72.6459 2.630806 0.243440
4 690 74.7569 2.189914 -0.702882
4 691 75.7495 0.832699 -0.091722
4 692 70.7393 2.472193 1.245414
4 693 71.0973 1.441578 0.974195
4 694 71.2855 1.577856 0.422498
4 695 73.0173 1.907606 0.062080
4 696 74.3903 2.055898 0.238267
4 697 74.693 2.060820 0.767790
4 698 74.6037 2.517513 0.661368
4 699 74.7638 2.569488 0.294485
4 700 75.7767 2.128106 0.010438
4 701 74.6706 2.239194 -0.003914
4 702 74.376 2.235056 0.262988
4 703 74.1523 2.352194 0.343693
4 704 74.111 2.442920 0.283564
4 705 74.634 2.157664 0.025564
4 706 74.9845 2.079048 -0.216454
4 707 74.5944 2.329600 -0.084532
4 708 74.1907 2.561171 0.079203
4 709 73.94 2.557244 0.004987
4 710 73.7699 2.694688 -0.064781
4 711 74.2268 2.678366 0.045159
4 712 75.8941 2.597719 -0.100423
4 713 78.7682 3.262555 -0.411096
4 714 81.8238 3.561377 -0.346855
4 715 90.7911 4.334972 -0.566544
4 716 99.0924 7.164230 -0.437962
4 717 105.846 11.803639 -1.250963
4 718 113.593 15.888556 -1.950848
4 719 118.902 20.336312 -1.837013
4 720 123.384 24.918640 -1.192735
4 721 124.079 29.473103 -1.013179
4 722 125.236 32.179663 -0.087154
4 723 125.127 36.008822 0.240396
4 724 124.841 39.411925 0.891811
4 727 125.472 41.636065 1.442735
4 729 124.751 43.581323 1.288440
4 730 124.699 44.485926 1.162691
4 731 123.966 45.433520 0.451820
4 733 124.669 46.885671 0.444655
4 734 124.54 46.577066 -0.043808
4 735 124.943 46.068725 0.196977
4 736 125.097 46.082507 0.357732
4 737 125.331 46.001897 0.284082
4 738 124.997 46.311670 -0.393666
4 739 123.902 46.423095 -1.062708
4 740 124.22 46.134029 -0.605076
4 741 124.135 45.999884 -0.604918
4 742 124.579 45.850139 -0.344432
4 743 124.722 45.744991 0.156691
4 744 124.523 45.574587 0.140204
4 745 124.434 45.308119 0.271943
4 746 123.95 45.100492 0.147797
4 747 123.607 45.272151 0.343943
4 748 123.478 45.236915 0.312433
4 749 123.671 45.083426 0.126407
4 750 123.878 45.117956 0.030466
4 751 124.486 44.922871 0.160714
4 752 124.731 44.642232 0.060632
4 753 124.685 44.244337 -0.025621
4 754 124.827 43.491899 0.180375
4 755 123.712 42.900282 0.060619
4 756 123.965 42.384405 0.341393
4 757 123.869 42.167396 0.209691
4 758 124.762 42.056926 0.353074
4 759 125.558 41.968087 0.432662
4 760 125.712 41.445826 0.114727
4 761 125.843 38.482375 0.713507
4 762 124.441 33.549962 0.765708
4 763 120.589 28.484175 -0.116270
4 764 114.795 21.884169 -0.769852
4 765 108.29 17.070194 -1.383727
4 766 101.344 13.150153 -1.878331
4 767 92.5284 10.402371 -2.169014
4 768 85.1968 8.583881 -1.797523
4 771 59.3366 6.633716 -1.576931
4 772 45.1133 6.814068 -1.873240
4 773 36.1336 6.561637 -1.017410
4 774 27.1105 7.734340 0.736053
4 775 24.1112 9.444141 2.755289
4 776 22.8162 13.871159 2.699242
4 777 23.2221 20.848283 2.083677
4 778 25.5083 24.770203 2.254157
4 779 27.3775 30.742084 1.998761
4 780 26.8085 39.165342 1.272957
4 781 25.4379 43.265965 0.561081
4 782 27.294 43.228920 0.485538
4 783 26.01 42.578632 -1.210731
4 785 26.6553 41.575602 -2.208923
4 786 26.7295 42.323741 -2.698480
4 787 26.9062 42.416897 -2.954539
4 788 26.5786 42.727005 -3.176416
4 789 25.6502 42.632022 -3.652598
4 790 25.0603 42.382346 -3.590819
4 791 23.8885 42.707203 -4.065446
4 792 24.024 42.988169 -4.469676
4 794 19.6905 30.717526 -4.480378
4 796 4.9124 18.657900 -1.775775
4 798 -8.98657 13.076610 0.098044
4 799 -12.627 12.340802 -0.523017
4 802 -7.31464 11.513264 2.316561
4 803 -8.75914 11.450148 3.362276
4 804 -16.3374 8.447985 4.645443
4 805 -18.2984 10.819289 3.828240
4 806 -20.4589 14.499274 2.615006
4 807 -25.607 15.290544 3.609414
4 808 -32.2068 12.693513 1.648828
4 809 -40.8622 9.799782 1.061650
4 810 -49.6561 7.152375 0.234144
4 811 -55.8967 6.492560 0.128220
4 812 -63.1771 6.616345 0.539191
4 813 -75.8445 6.942990 2.149893
4 814 -88.2917 6.472209 3.363515
4 815 -94.3004 6.850744 2.931750
4 816 -94.3004 6.850744 2.931750
4 817 -94.3004 6.850744 2.931750
4 818 -94.3004 6.850744 2.931750
5 110 -2.97612 3.112968 -0.317231
5 111 -3.34682 3.813511 -0.671706
5 112 -4.38226 4.320332 -1.184069
5 113 -6.18875 4.121538 -1.920342
5 114 -6.87657 2.829229 -1.732775
5 115 -8.35883 3.714004 -2.023297
5 116 -7.44537 5.008803 -1.423701
5 117 -9.00188 6.351642 0.067829
5 118 -9.91491 7.835231 0.460466
5 119 -11.4787 9.682577 0.790655
5 120 -17.3213 12.916999 2.280211
5 121 -22.7533 15.401449 2.602376
5 122 -28.1383 18.307710 2.817830
5 123 -33.6281 22.261285 2.537612
5 124 -37.7814 25.072824 2.274758
5 125 -37.7934 25.881569 2.214001
5 126 -36.7422 25.909133 1.580427
5 127 -34.664 25.944881 1.022024
5 128 -29.2044 25.742724 0.450673
5 129 -20.4513 26.014899 -0.074536
5 132 7.75627 26.488229 0.842734
5 135 22.0698 27.291103 1.973323
5 142 54.3954 23.802034 -4.506692
5 149 131.633 25.380915 -0.237856
5 151 130.331 26.723321 -0.191491
5 152 129.457 27.028870 -0.017471
5 153 128.7 27.344870 0.197953
5 154 127.324 27.506552 0.557051
5 155 123.679 27.151259 0.443911
5 156 116.165 25.897226 0.384496
5 157 104.807 24.674934 0.817044
5 167 16.9292 29.268214 2.268598
5 170 12.42 29.168826 1.224546
5 177 -26.3966 27.509986 0.623463
5 178 -26.5103 28.394854 0.843759
5 179 -25.7206 28.925912 1.151826
5 180 -25.6476 28.802766 1.033155
5 181 -25.026 28.823657 1.371499
5 182 -21.472 28.839849 1.503115
5 184 -6.44111 28.933984 2.260283
5 185 4.4244 28.798422 2.878632
5 188 19.9619 28.592735 3.099144
5 201 -40.0622 26.151419 0.829049
5 204 -86.6017 26.753937 0.367301
5 207 -138.305 24.794158 0.549427
5 208 -150.364 24.458910 2.058191
5 209 -162.517 24.906586 2.726446
5 210 -170.303 25.059793 3.009829
5 211 -179.895 24.950927 2.103331
5 212 170.296 25.826871 2.226306
5 213 160.385 26.436541 2.605328
5 214 150.045 27.031558 3.054482
5 215 143.328 27.244021 2.161317
5 216 139.974 25.758969 1.750503
5 217 138.433 25.637546 1.535572
5 218 139.008 25.301226 1.838244
5 219 139.463 25.685950 1.966280
5 220 140.082 25.716543 2.202848
5 221 140.136 25.831342 2.524007
5 222 138.117 25.687877 2.987969
5 223 132.01 26.238379 3.733212
5 224 121.73 26.915349 4.572559
5 225 107.467 27.654287 3.979535
5 226 94.5074 27.599174 3.671848
5 227 81.6761 28.364219 3.226947
5 228 67.5761 29.704002 2.571593
5 229 55.2832 28.769067 1.991539
5 230 45.5261 28.306932 1.483212
5 231 40.1897 26.849119 1.318924
5 232 36.2709 27.723465 1.355444
5 233 36.2638 28.833117 1.772114
5 236 31.5734 29.988849 2.940449
5 237 29.472 30.168036 1.853248
5 247 -13.6459 30.285306 2.002345
5 249 -21.2048 28.946723 2.776111
5 251 -24.3259 26.844221 2.144092
5 253 -22.756 25.804384 2.268983
5 257 7.10657 25.847463 1.550161
5 258 16.7421 25.921042 1.615667
5 259 21.8738 25.982085 1.394397
5 260 22.4832 26.367891 0.836712
5 265 59.4806 28.914173 2.434336
5 267 86.6665 24.741352 2.740461
5 270 108.951 21.784501 1.123175
5 271 113.129 22.088537 1.322695
5 272 117.108 22.362421 1.530116
5 273 119.699 23.013634 2.205772
5 275 121.501 23.120872 1.988306
5 276 121.455 22.607468 2.032845
5 277 124.097 22.481433 2.264453
5 278 127.463 23.171392 2.373988
5 279 136.051 24.381860 2.570479
5 280 148.438 23.353313 2.733320
5 281 160.912 21.711696 2.236676
5 282 177.178 20.599145 1.183899
5 283 -171.945 20.585684 0.514426
5 284 -162.639 19.818918 -1.619959
5 285 -147.214 19.194828 -2.036365
5 286 -129.842 19.728533 -2.757045
5 287 -112.982 20.873409 -3.243280
5 288 -94.0311 22.792867 -3.361531
5 289 -80.5119 24.325833 -2.572031
5 290 -69.9451 24.373110 -0.472148
5 291 -60.9212 23.712524 1.008428
5 292 -54.3207 23.379613 1.198168
5 293 -48.9125 23.179432 0.767552
5 294 -46.0633 22.430180 -0.669014
5 295 -45.5749 21.713305 -1.205362
5 296 -45.2317 21.205947 -1.308285
5 297 -45.7236 21.406508 -1.603799
5 298 -45.1269 21.603392 -1.665491
5 299 -43.6195 22.034715 -1.900289
5 300 -38.0024 22.451098 -2.761706
5 301 -29.3215 22.741196 -2.847269
5 302 -20.5374 22.899011 -3.038899
5 303 -10.0444 22.863483 -2.634411
5 304 -1.2346 23.457947 -2.492877
5 305 8.91894 25.016908 -2.353352
5 306 16.4561 25.219363 -0.789113
5 307 21.453 25.091705 0.315511
5 308 22.0465 25.274603 0.494065
5 314 5.06291 27.168953 2.375969
5 316 -16.5874 27.249962 1.928406
5 318 -25.3938 27.250452 1.577961
5 320 -23.8839 27.207106 1.785228
5 321 -24.6619 27.047137 1.381091
5 322 -25.2061 26.842284 0.985483
5 325 -13.7125 26.384343 1.668233
5 326 -1.95745 25.667443 2.839183
5 327 10.9115 25.321568 3.668522
5 328 17.8097 25.300903 4.019208
5 329 19.7055 25.147504 3.801061
5 330 20.6103 25.395330 3.191259
5 331 21.0547 24.728050 2.549708
5 332 22.4905 23.293301 3.153032
5 333 30.7754 20.461998 4.698448
5 334 44.9978 16.021642 5.912821
5 335 60.1047 11.410236 5.588281
5 336 68.9411 9.384761 5.367752
5 337 74.5872 7.164894 4.886026
5 338 74.5541 6.834544 4.282078
5 339 73.0993 6.879956 4.647156
5 340 73.5991 6.773175 4.544046
5 341 73.0779 6.756375 4.539302
5 342 72.6676 6.879237 4.710072
5 343 72.1966 7.437782 4.769368
5 344 70.5752 8.624642 5.004752
5 345 63.7721 11.130017 5.637505
5 346 53.8552 15.587247 6.388107
5 347 40.5275 19.938606 6.394472
5 348 32.1519 22.298487 5.489844
5 349 24.9909 24.367273 4.034092
5 350 19.4015 25.629993 2.593038
5 351 18.033 25.861154 2.167405
5 352 19.0148 25.753867 2.502512
5 353 19.9533 25.690325 2.656823
5 354 21.8765 25.036550 3.121996
5 355 29.1417 23.262227 4.490966
5 356 42.8263 18.228548 5.982422
5 357 54.5493 13.421367 6.373524
5 360 70.1153 8.765431 5.677584
5 361 71.1085 8.656458 5.588530
5 362 71.573 8.955242 5.777454
5 363 72.9514 9.263397 5.556242
5 364 77.3093 10.322306 5.398534
5 365 86.5404 12.044918 4.259070
5 366 94.108 13.113902 4.841155
5 367 103.933 14.887608 4.555021
5 368 113.579 17.371185 4.203292
5 369 121.813 20.231578 4.989130
5 370 126.039 22.295971 5.085608
5 371 127.113 23.125958 4.817579
5 372 124.865 23.608822 4.305147
5 373 122.767 24.654243 4.078551
5 374 122.199 24.573545 3.691408
5 375 120.398 24.195159 3.750270
5 376 115.77 23.800660 4.050616
5 377 105.903 24.045919 4.879687
5 378 93.508 25.152162 6.040614
5 379 80.212 26.495250 6.613315
5 380 65.9643 26.288069 6.975381
5 381 51.2585 27.138844 5.484856
5 382 40.1054 27.850576 4.489824
5 383 28.4402 28.920781 3.616264
5 384 21.7069 29.284986 3.587727
5 385 18.8578 28.999975 2.912516
5 386 16.9807 28.355339 2.585507
5 387 15.6192 27.697909 2.162833
5 388 15.96 27.116111 2.054094
5 396 -22.6538 23.532530 0.478155
5 398 -23.5089 22.378151 0.494597
5 399 -22.8516 22.408651 0.920048
5 400 -22.2245 22.477632 1.326145
5 401 -20.5983 22.299143 1.716102
5 402 -13.8921 22.201903 2.889533
5 403 0.05984 19.981739 4.302568
5 404 19.435 16.762828 5.534180
5 405 34.339 13.684609 6.664366
5 406 45.5334 12.098721 7.150419
5 407 53.5884 11.125053 7.187072
5 408 60.0287 9.667291 6.767552
5 409 65.764 7.889839 6.498212
5 410 71.2145 6.533779 6.062403
5 411 72.9269 7.115673 5.339510
5 412 75.4955 7.222399 4.278375
5 413 75.261 8.492346 4.800484
5 414 78.9805 9.034253 3.273602
5 415 89.4633 12.154811 2.042930
5 416 100.66 15.075770 1.902304
5 417 106.212 18.727934 2.493857
5 418 110.489 21.111861 3.138505
5 419 113.568 22.259993 3.730427
5 420 114.764 22.574170 4.252259
5 421 114.581 22.311180 4.010920
5 422 114.261 21.609828 3.887364
5 423 114.931 21.571177 3.406768
5 424 114.741 22.121862 3.826805
5 425 109.308 22.872776 5.574037
5 426 99.4678 23.667629 6.897346
5 427 85.6606 24.641403 7.287958
5 428 72.906 25.436223 6.925734
5 429 60.6508 25.857946 6.355949
5 430 49.4733 26.888280 5.744888
5 431 39.1223 27.362075 5.195847
5 432 28.7887 27.868819 4.995155
5 433 25.5998 27.731827 4.794556
5 434 24.5402 27.802455 4.292167
5 435 22.8699 26.999365 3.861347
5 436 20.8251 26.620188 3.532184
5 437 16.2103 26.357098 3.604987
5 438 9.27582 25.079063 2.556611
5 439 -0.047558 23.703239 1.340384
5 440 -5.67236 23.105261 1.733027
5 441 -11.2921 23.645184 2.474151
5 442 -15.0577 25.136284 3.604058
5 443 -15.8119 26.734997 3.571949
5 444 -17.0528 27.403331 3.498354
5 445 -19.4363 27.442514 2.926974
5 446 -20.5336 27.855806 2.850308
5 447 -24.2942 28.126152 2.863128
5 448 -33.9063 27.879090 2.860592
5 449 -48.5329 27.746751 3.213789
5 450 -65.0652 26.768752 3.482806
5 451 -85.3907 25.997537 2.648873
5 452 -100.792 25.049534 2.382028
5 454 -128.449 24.476726 4.291029
5 455 -140.316 24.611273 4.998944
5 456 -149.622 25.299597 6.243219
5 457 -167.677 27.055355 7.368133
5 458 177.034 28.779488 7.835266
5 459 164.808 29.727188 6.849459
5 460 151.468 30.258703 5.256542
5 461 146.875 28.945700 5.348107
5 462 143.259 28.702556 5.274371
5 463 141.707 28.999011 4.679096
5 464 141.867 30.055906 3.931916
5 465 144.073 28.159303 2.373661
5 466 151.411 24.065718 2.393141
5 467 159.534 19.728204 3.056028
5 468 170.406 16.222150 3.202127
5 469 177.122 15.405678 3.320811
5 470 -174.962 16.103166 2.645299
5 471 -165.129 17.456301 1.322570
5 472 -152.55 17.980354 0.784817
5 473 -150.797 18.385063 0.804180
6 105 -3.00387 4.284288 0.337981
6 106 -3.29721 5.242221 0.541604
6 107 -3.39627 6.483241 0.287901
6 108 -3.62973 7.772475 -0.579942
6 109 -3.49129 7.241296 -1.135358
6 110 -5.16321 5.418916 -1.864288
6 111 -5.78125 4.279080 -1.232670
6 112 -7.49885 4.369682 -0.883436
6 113 -6.98433 3.460877 -0.624897
6 114 -6.04761 3.544773 -0.924104
6 115 -4.27799 3.050543 -0.750591
6 116 -4.16384 3.794478 -0.925127
6 117 -5.18044 3.286900 -0.140740
6 118 -7.62006 3.396956 0.193123
6 119 -6.52549 3.899762 -0.064504
6 120 -7.50042 4.949156 -0.464156
6 121 -6.91029 4.730528 -1.611094
6 122 -5.55228 3.525967 -1.388897
6 123 -6.46495 3.998909 -1.264811
6 124 -6.24604 4.245779 -1.140795
6 125 -6.3165 4.160468 -0.874611
6 126 -7.72604 4.542920 -0.200617
6 127 -7.27159 4.307028 -0.471251
6 128 -7.0593 4.350434 -0.549533
6 129 -6.8549 4.355315 -0.425701
6 130 -7.83386 4.474690 -0.325248
6 131 -7.67959 4.508613 -0.230535
6 132 -8.4582 5.007048 -0.276984
6 133 -7.91325 4.919141 -0.254938
6 134 -7.27989 5.096850 -0.389122
6 135 -4.91391 5.520484 -0.725421
6 136 0.092736 4.820298 -0.712487
6 137 4.54439 4.797480 -0.032050
6 138 10.1584 4.027597 -0.347101
6 139 17.0828 4.628713 -0.949790
6 140 23.1011 5.699956 -1.005170
6 141 28.0503 6.321630 -0.427977
6 142 35.5078 6.557537 0.192144
6 143 41.4911 7.253526 1.178628
6 144 46.4191 7.476897 1.507619
6 145 51.662 6.756187 1.257328
6 147 60.2154 5.427004 1.188084
6 148 65.9487 5.470399 1.123585
6 149 71.2111 4.694127 0.648315
6 150 76.1401 4.134777 0.230852
6 151 82.0082 3.141282 -0.718967
6 152 83.2597 3.005980 -0.994510
6 153 84.6195 3.141376 -1.880597
6 154 85.5421 3.015174 -2.073348
6 155 85.349 2.770608 -2.342756
6 156 86.098 1.684932 -2.212970
6 157 86.8204 0.678428 -2.432495
6 158 85.7648 0.651857 -2.349088
6 159 85.5854 0.421815 -2.395841
6 160 84.6501 0.517172 -1.996175
6 161 85.1839 0.758377 -2.424011
6 162 85.0351 1.689158 -2.289723
6 163 86.1513 1.946161 -1.462222
6 164 86.7293 2.399943 -1.588894
6 165 86.5257 1.650375 -1.292641
6 166 86.6448 2.007598 -1.179869
6 167 86.2034 1.740641 -1.162328
6 168 84.807 1.477394 -1.102968
6 169 84.1301 1.284753 -1.102116
6 170 83.3829 1.108484 -0.820503
6 171 82.7405 1.193361 -0.704861
6 172 82.1329 1.584174 -0.562573
6 173 82.5818 1.666231 -0.525686
6 174 83.1661 2.250468 -0.338565
6 175 88.7375 3.040588 -0.474875
6 176 94.2948 3.591940 -0.725560
6 177 104.656 4.539449 -1.215066
6 178 113.748 4.471927 -1.348656
6 179 122.731 3.979602 -0.694481
6 180 130.614 3.442919 -0.951810
6 181 138.441 2.543644 -1.806176
6 182 145.331 1.333590 -1.643731
6 183 152.494 0.540455 -1.699784
6 184 160.222 -0.848659 -2.489231
6 185 166.066 -1.270267 -2.470603
6 186 169.885 -1.092149 -1.987054
6 187 171.696 -0.540077 -1.808328
6 188 170.414 0.689518 -1.735745
6 189 173.404 1.069759 -1.915892
6 190 173.868 0.961346 -1.248005
6 191 172.72 2.022144 -1.137318
6 192 171.947 2.096390 -0.827542
6 193 170.224 1.572863 -0.463420
6 194 169.397 0.826026 0.005862
6 195 168.379 1.384164 0.387200
6 196 168.068 2.243765 0.303949
6 197 168.215 2.304424 0.089703
6 198 170.903 2.325513 -1.243973
6 199 172.717 1.509316 -1.644288
6 200 171.926 1.589091 -1.915268
6 201 170.704 1.547873 -1.997823
6 202 169.51 1.595165 -2.125243
6 203 168.66 1.538468 -2.156226
6 204 167.71 1.928786 -1.718434
6 205 168.294 1.737790 -1.657940
6 206 168.786 2.075551 -1.534950
6 207 169.758 2.212019 -1.595747
6 208 170.983 2.232478 -1.432118
6 209 173.146 2.171206 -1.402526
6 210 173.57 2.005836 -1.374830
6 211 174.193 1.861174 -1.507083
6 212 175.764 1.802841 -2.125898
6 213 178.007 2.368825 -1.972039
6 214 177.111 2.530151 -1.538971
6 215 172.409 2.928433 -2.081249
6 216 165.202 4.197675 -2.954257
6 217 154.959 4.562206 -3.360862
6 218 142.611 2.792856 -2.414627
6 219 126.483 2.133103 -2.162187
6 220 114.431 1.247171 -1.747123
6 221 100.681 2.058737 -1.170267
6 222 87.233 2.708357 -0.478147
6 223 73.5803 3.122944 -0.800723
6 224 56.1699 4.247706 -0.322083
6 225 35.3212 5.751287 -0.082175
6 226 20.0842 6.826138 -1.137245
6 227 5.1402 6.595118 -1.867831
6 228 -13.7003 6.699099 -2.004926
6 229 -27.7629 5.682468 -1.888574
6 230 -40.7519 4.669042 -1.280691
6 231 -55.6339 4.216701 -0.507821
6 232 -65.313 4.501824 -0.370488
6 233 -74.5895 4.783283 -1.192734
6 234 -80.0172 5.108064 -1.696185
6 235 -82.612 4.180023 -2.002164
6 236 -85.3585 3.107904 -1.429059
6 237 -84.5407 1.408635 -1.509281
6 238 -85.2832 1.806918 -0.855423
6 239 -84.2091 1.896374 -0.924867
6 240 -83.7111 2.025116 -0.416223
6 241 -84.4185 2.951237 0.298549
6 242 -83.7296 1.744151 -0.078941
6 243 -86.6891 1.587569 -0.218573
6 244 -87.3019 1.326283 -0.206959
6 245 -87.3465 1.621911 -0.023731
6 246 -86.6123 1.467848 0.227880
6 247 -85.6219 1.529825 -0.054042
6 248 -85.2639 1.496697 0.118529
6 249 -84.9228 1.265209 0.041842
6 250 -85.3271 1.142010 0.070568
6 251 -84.8761 0.827225 -0.005036
6 252 -84.8674 0.697594 -0.011062
6 253 -84.4851 0.622017 0.020120
6 254 -84.5283 0.501649 -0.041882
6 255 -84.8773 0.531475 -0.067487
6 256 -84.6428 0.502039 -0.493835
6 257 -84.5306 0.532303 -0.443318
6 258 -84.3133 0.445105 -0.342937
6 259 -84.0409 0.481351 -0.262145
6 260 -83.4831 0.366170 -0.523851
6 261 -83.3547 0.436770 -0.414602
6 262 -82.7497 0.601476 -0.066981
6 263 -81.781 0.844024 -0.048710
6 264 -79.8195 0.236428 -1.007457
6 265 -79.1932 -0.073357 -2.032601
6 266 -80.0545 0.901144 -2.781206
6 267 -79.3748 1.438060 -3.133629
6 268 -76.6857 2.543504 -2.605570
6 269 -73.1766 2.921441 -1.596407
6 270 -68.9964 2.476906 -0.247868
6 271 -63.6776 2.003020 0.340634
6 272 -57.9053 1.387591 0.608777
6 273 -50.8336 1.443024 0.648075
6 274 -41.1475 1.792618 1.292738
6 275 -33.0797 1.994870 1.090540
6 276 -24.6962 2.496504 0.858151
6 277 -16.8602 2.673942 0.820845
6 278 -11.1786 2.164397 1.282010
6 279 -7.05105 2.655788 1.421969
6 280 -4.11698 3.005213 1.314023
6 281 -2.51624 2.989354 0.081505
6 282 -1.69386 2.646602 -0.656443
6 283 -1.93638 2.627374 -1.184596
6 284 -0.909001 2.166831 -0.822691
6 285 -2.20909 1.338177 -0.492765
6 286 -2.0648 0.560011 0.446551
6 287 -2.93852 -0.140617 1.651473
6 288 -4.00386 0.254227 1.764808
6 289 -4.66235 0.216469 2.062102
6 290 -4.61623 0.391929 1.945963
6 291 -4.19713 0.859354 1.904274
6 292 -3.42296 1.418876 1.842109
6 293 -2.59336 1.894458 1.655153
6 294 -2.90202 2.321104 1.684684
6 295 -3.4507 2.212363 1.643256
6 296 -3.93961 2.190234 1.340133
6 297 -3.8274 2.236908 1.109386
6 298 -3.53278 2.198827 1.331319
6 299 -3.1902 2.054249 0.945456
6 300 -3.49461 2.133265 0.783530
6 301 -3.55264 2.581342 0.358147
6 302 -3.07546 3.127672 0.855598
6 303 -3.18095 2.602193 1.906267
6 304 -3.53377 2.672545 2.157874
6 305 -3.47223 2.366981 3.025245
6 306 -3.59515 2.609668 3.495811
6 307 -2.43043 2.151804 3.587330
6 308 -1.11028 1.969354 3.539493
6 309 0.129259 1.945500 3.032024
6 310 -1.06188 1.796788 3.102709
6 311 -3.18615 2.076398 2.500582
6 312 -7.6565 1.635508 2.372086
6 313 -15.7155 1.879480 2.600795
6 314 -26.4842 2.232299 1.669590
6 315 -38.529 3.085458 1.396773
6 316 -49.1839 3.331649 -0.538436
6 317 -60.696 3.096539 -2.107576
6 318 -70.6124 2.475219 -2.628258
6 319 -78.4542 1.720638 -2.632503
6 320 -84.0476 -0.015424 -2.112794
6 321 -85.454 -0.434373 -1.569326
6 322 -84.4537 -0.462006 -0.974182
6 323 -83.7827 -0.692095 -0.151959
6 324 -83.8884 0.408710 -0.592241
6 325 -83.9895 -0.889207 0.259697
6 326 -86.0773 -1.543968 0.178339
6 327 -85.1336 -1.927639 -0.148941
6 328 -85.6943 -1.292616 0.044642
6 329 -84.5721 -1.296468 -0.029376
6 330 -85.0697 -1.108505 -0.004517
6 331 -86.1794 -1.124549 0.344380
6 332 -86.974 -0.973045 0.365945
6 333 -85.5069 -1.162469 0.120324
6 334 -87.7973 -1.450782 -0.045971
6 335 -95.3363 -0.990375 -0.322167
6 336 -105.658 -0.060879 0.388557
6 337 -113.237 0.279666 -0.086848
6 338 -120.553 0.572841 -0.211534
6 339 -129.976 0.948123 -0.465904
6 340 -140.004 0.348036 -0.412131
6 341 -148.372 -0.811092 -0.202168
6 342 -156.358 -0.923475 0.024442
6 343 -161.878 -0.809839 -0.486378
6 344 -167.695 -0.331285 -0.652965
6 345 -173.652 -0.095815 -0.269525
6 346 -179.284 0.229260 -0.367474
6 347 175.564 0.485988 -0.430897
6 348 172.36 0.857867 -0.761644
6 349 171.506 1.167396 -0.419376
6 350 170.275 1.345288 0.177036
6 351 170.599 0.485350 -0.037607
6 352 170.362 0.778169 -0.867488
6 353 171.479 0.917509 -1.379326
6 354 174.204 0.596215 -2.293633
6 355 175.066 1.176374 -2.449360
6 356 176.352 1.830217 -2.842700
6 357 178.525 2.005456 -2.471159
6 358 178.921 2.204450 -0.930554
6 359 178.604 1.630455 -0.085720
6 360 176.853 1.183250 -0.059084
6 361 176.272 1.108498 -0.668461
6 362 176.07 1.211525 -0.921263
6 363 174.778 1.461917 -1.179061
6 364 173.951 1.518821 -1.200688
6 365 173.406 1.770336 -1.206431
6 366 173.194 2.031084 -1.470783
6 367 173.68 2.091479 -1.698718
6 368 173.976 2.249568 -1.878017
6 369 174.3 2.349860 -1.976878
6 370 175.067 2.356241 -1.942192
6 371 175.11 2.337741 -1.713104
6 372 175.665 2.558549 -1.595408
6 373 175.866 2.799463 -1.823686
6 374 176.04 3.165083 -2.228040
6 375 176.431 4.159095 -2.076022
6 376 176.93 4.406336 -2.213711
6 377 177.135 4.540774 -2.249481
6 378 177.418 4.423421 -2.358777
6 379 177.769 3.803851 -2.268054
6 380 177.248 3.616308 -2.209980
6 381 177.668 3.741761 -2.115700
6 382 178.101 3.877876 -2.217139
6 383 178.021 3.803363 -2.089786
6 384 178.386 3.416056 -1.904527
6 385 179.473 3.924695 -0.806316
6 386 -177.166 4.417761 0.741693
6 387 -174.328 4.861887 2.307216
6 388 -175.93 3.904803 2.005442
6 389 -178.094 2.323566 1.334387
6 390 177.361 1.976412 -0.028037
6 391 168.036 4.376741 -1.741762
6 392 159.344 6.517596 -3.460957
6 393 151.397 7.375286 -4.691301
6 394 143.016 5.930978 -6.357707
6 395 135.631 4.552923 -6.159944
6 396 127.171 3.015109 -5.141447
6 397 118.996 0.335197 -5.158592
6 398 112.458 -1.545011 -5.522045
6 399 107.312 -2.272863 -4.689987
6 400 100.054 -1.755694 -3.701167
6 401 94.0251 -1.118227 -2.417393
6 402 87.328 -0.439663 -1.734120
6 403 83.6135 -0.133390 -0.779341
6 404 82.5776 0.554496 -0.594792
6 405 82.4975 0.910297 -1.297885
6 406 83.1706 0.654371 -1.762202
6 407 85.1537 0.017154 -2.248361
6 408 86.0775 -0.109365 -1.894219
6 409 84.7705 0.564217 -1.242073
6 410 84.4185 0.127450 0.226913
6 411 84.5594 -0.369599 0.967974
6 412 85.3379 -0.418413 0.596383
6 413 84.78 -0.280225 0.271746
6 414 84.7297 -0.460184 0.110828
6 415 84.1638 -0.739093 -0.136089
6 416 84.5581 -0.623045 -0.501004
6 417 84.5366 -0.396227 -0.569937
6 418 85.0951 -0.203045 -0.723593
6 419 85.2538 0.045745 -0.910319
6 420 85.3096 0.250102 -0.653790
6 421 85.1186 0.432355 -0.662017
6 422 84.513 0.635489 -0.577982
6 423 84.2508 0.883675 -0.812319
6 424 84.3003 0.668565 -1.090874
6 425 84.7492 0.682501 -1.170709
6 426 84.8139 0.594023 -0.980224
6 427 84.8685 0.421603 -0.848033
6 428 84.5245 0.373031 -0.777103
6 429 84.2293 0.335247 -0.935837
6 430 83.819 0.130274 -0.879896
6 431 83.4623 -0.166267 -0.980120
6 432 83.2105 -0.286978 -1.059546
6 433 83.2237 -0.439156 -1.260327
6 434 83.8588 -0.626409 -1.244180
6 435 84.6069 -0.728331 -1.190873
6 436 84.7012 -0.255641 -1.220850
6 437 84.6984 -0.117596 -1.098469
6 438 84.9164 -0.122446 -1.103622
6 439 85.2297 0.079713 -0.760755
6 440 85.0615 0.005840 -0.556551
6 441 84.768 -0.389706 -0.377736
6 442 84.324 -0.810204 -0.272237
6 443 84.5449 -1.218205 0.062699
6 444 85.0845 -0.419664 -0.125572
6 445 85.3752 -0.111981 0.123451
6 446 85.5789 -0.268077 0.012600
6 447 85.4069 -0.215800 -0.005944
6 448 85.1707 -0.143870 0.079570
6 449 85.0599 -0.049839 0.078227
6 450 85.0084 -0.125652 0.037734
6 451 85.066 -0.005453 0.019014
6 452 85.267 0.221295 0.083713
6 453 85.4113 0.483425 0.020943
6 454 85.5284 0.618215 0.099276
6 455 85.2693 0.884256 0.251580
6 456 85.2792 1.145493 0.420867
6 457 85.4696 1.346285 0.395887
6 458 85.6675 1.457425 0.181053
6 459 85.5074 1.473923 0.158582
6 460 85.469 1.325592 -0.062586
6 461 85.622 0.960698 -0.127537
6 462 85.5658 1.070253 -0.118180
6 463 85.6651 0.982792 0.005974
6 464 86.2695 1.082797 0.104608
6 465 87.6754 1.404888 -0.119231
6 466 89.3106 1.884303 -0.233784
6 467 92.4965 2.579144 -0.102033
6 468 100.346 2.894621 0.903863
6 469 108.563 2.009675 0.927182
6 470 115.855 0.888971 0.132983
6 471 123.144 0.240831 -0.544512
6 472 128.524 0.451263 -0.926372
6 473 132.287 0.165703 -1.290519
6 474 137.578 0.093182 -1.880228
6 475 142.074 0.100767 -2.110307
6 476 146.745 0.113935 -2.299797
6 477 151.789 0.419719 -2.212620
6 478 155.063 0.759506 -1.930218
6 479 157.474 0.810385 -1.698169
6 480 161.932 0.651289 -1.931193
6 481 166.426 0.629094 -2.478472
6 482 169.605 1.032386 -1.877476
6 483 171.715 2.895365 -1.074578
6 484 174.036 3.259192 -0.021139
6 485 175.272 3.488544 0.066685
6 486 174.72 2.427653 -0.427873
6 487 175.661 0.100886 -0.779220
6 488 174.442 -0.614286 -0.294026
6 489 173.736 0.125948 -0.509725
6 490 174.068 1.011160 -0.503408
7 103 6.95126 -1.079853 -0.822228
7 104 6.96339 -0.401681 -1.138481
7 105 6.74262 -0.280124 -0.740673
7 106 6.063 0.357822 -0.052638
7 107 5.39743 -0.400319 -0.935627
7 108 3.16031 -0.372360 -0.398723
7 109 3.48918 -1.111452 -0.290439
7 110 2.76353 -0.295064 0.235552
7 111 4.92839 -1.355364 -0.778953
7 112 7.6215 -1.775084 -1.193523
7 113 7.99617 -1.940415 -1.497618
7 114 6.68339 -2.666852 -1.663673
7 115 5.51334 -3.064148 -1.546317
7 116 6.25542 -2.860460 -1.278891
7 117 7.1293 -2.855992 -1.495605
7 118 6.78646 -3.020456 -1.299992
7 119 7.53982 -2.585160 -1.447289
7 120 7.35822 -2.490771 -1.205535
7 121 5.42209 -2.300486 -1.209738
7 122 -2.61337 -2.300740 -1.317275
7 123 -10.5902 -2.241332 -1.458410
7 124 -18.9665 -1.687199 -1.410703
7 125 -28.3516 -1.322222 -1.967360
7 126 -40.224 -1.818474 -2.727381
7 127 -49.4294 -2.920405 -3.271284
7 128 -59.1921 -3.827870 -3.004593
7 129 -67.2493 -4.732686 -2.913491
7 130 -71.3301 -4.942625 -3.579493
7 131 -75.0993 -4.586833 -4.084188
7 132 -76.4659 -3.430121 -4.391097
7 133 -76.2091 -1.757024 -3.923009
7 134 -78.4442 0.184762 -3.074915
7 135 -78.755 0.006058 -2.930187
7 136 -76.5006 1.583013 -3.457188
7 137 -77.302 1.854323 -3.406723
7 138 -77.297 1.201395 -3.519493
7 139 -77.1474 0.342834 -3.482028
7 140 -77.4924 -0.847111 -3.565326
7 141 -77.2416 -2.118407 -3.701394
7 142 -77.3811 -2.441088 -3.589139
7 143 -77.1987 -2.553059 -3.583525
7 144 -77.7118 -2.626463 -3.404804
7 145 -77.5456 -2.270403 -3.066025
7 146 -78.0461 -1.870935 -2.679632
7 147 -77.7038 -1.522447 -2.402741
7 148 -74.6616 -1.602850 -2.149677
7 149 -68.9988 -2.308602 -1.493125
7 150 -57.7427 -2.614206 -1.824592
7 151 -45.3825 -1.813911 -2.529871
7 152 -30.6918 -1.197414 -2.199267
7 153 -14.0917 -0.898798 -1.586993
7 154 -3.23132 -1.264591 -0.973018
7 155 3.25527 -1.708622 -0.371662
7 156 13.9233 -2.561892 1.364608
7 157 26.0056 -3.325428 2.357296
7 158 37.8057 -3.833225 2.471912
7 159 52.2099 -4.225399 2.058118
7 160 63.5709 -4.337340 1.690901
7 161 74.8428 -4.351071 1.960041
7 162 83.4487 -4.961928 1.540254
7 163 86.8224 -4.610851 0.063751
7 164 88.2963 -3.498837 -0.642268
7 165 87.803 -1.681901 -0.575665
7 166 86.5714 -2.735786 -0.295817
7 167 85.9677 -3.611988 0.489545
7 168 85.2953 -4.844348 1.027054
7 169 85.7805 -5.499913 0.808803
7 170 86.0797 -5.763249 0.996765
7 171 86.1435 -5.678258 1.112166
7 172 85.3283 -5.804089 1.223500
7 173 85.2302 -5.726735 1.242408
7 174 85.7542 -5.515323 1.046931
7 175 85.9428 -5.290632 1.025606
7 176 86.6111 -5.063354 0.914969
7 177 88.3998 -4.520567 0.567505
7 178 91.4053 -3.502131 0.046004
7 179 93.8738 -2.895192 -0.584824
7 180 95.3623 -2.877269 -0.658808
7 181 95.9951 -3.093048 -0.402593
7 182 99.1976 -3.162659 0.038660
7 183 105.042 -2.873712 0.281635
7 184 114.456 -2.691506 0.365020
7 185 127.877 -2.531624 0.119211
7 186 138.338 -2.923780 0.032702
7 187 148.169 -2.985918 -0.665020
7 188 157.694 -2.085341 -1.224510
7 189 162.656 -1.651104 -0.825996
7 190 166.031 -0.968394 -1.053231
7 191 168.534 -1.156917 -0.901919
7 192 172.353 -0.712880 -1.332689
7 193 175.471 -1.533337 -2.132921
7 194 177.92 -2.880822 -2.879714
7 195 179.482 -3.403781 -2.665334
7 196 179.563 -3.544320 -2.852473
7 197 178.727 -3.332584 -2.582355
7 198 178.782 -2.584440 -2.176300
7 199 178.744 -2.428012 -2.204029
7 200 177.832 -3.644172 -1.987230
7 201 178.22 -4.774084 -2.025791
7 202 178.832 -5.628733 -2.136695
7 203 179.26 -5.150094 -2.243829
7 204 179.03 -4.531916 -2.208123
7 205 177.771 -4.417375 -2.010760
7 206 176.881 -4.540193 -1.901307
7 207 177.635 -4.498374 -1.902262
7 208 178.931 -4.172198 -2.075224
7 209 179.494 -3.848541 -2.158796
7 210 179.01 -3.439657 -2.416472
7 211 177.587 -3.092164 -1.991006
7 212 173.148 -3.258199 -2.470519
7 213 166.037 -3.728196 -2.283425
7 214 156.473 -3.847768 -1.693503
7 215 143.597 -2.716550 -0.197180
7 216 131.589 -0.951675 -0.540055
7 217 120.03 -0.567314 -0.995234
7 218 105.84 -1.227818 -0.937955
7 219 93.1782 -2.169474 -0.710543
7 220 80.8197 -2.775169 -1.057177
7 221 63.9813 -3.644938 -1.183535
7 222 51.0485 -4.716686 -1.262234
7 223 37.1376 -5.651510 -1.482535
7 224 23.1909 -6.822291 -1.963532
7 225 15.2155 -6.831696 -2.240033
7 226 7.81749 -6.014282 -2.336715
7 227 3.895 -4.434024 -2.092505
7 228 1.45192 -3.090990 -1.496379
7 229 0.918045 -1.824695 -1.608170
7 230 2.04441 0.016873 -1.874829
7 231 2.14237 -0.158173 -2.194837
7 232 2.78648 -1.000571 -2.277961
7 233 3.06477 -1.758441 -2.721321
7 234 3.37912 -3.252881 -2.815087
7 235 3.16059 -3.437972 -3.071893
7 236 3.77501 -4.028479 -3.349988
7 237 3.45902 -4.401832 -3.449496
7 238 5.06631 -4.239809 -3.354849
7 239 7.27711 -3.757735 -3.600778
7 240 6.70827 -3.831342 -2.955053
7 241 5.65498 -2.901188 -2.359663
7 242 7.39625 -1.246271 -3.947498
7 243 7.39302 -1.631028 -3.802075
7 244 5.37579 -2.712258 -3.108541
7 245 6.5049 -3.692712 -3.604730
7 246 7.3275 -3.219671 -4.238215
7 247 2.55075 -3.025258 -3.265276
7 248 -4.60232 -3.058633 -2.536128
7 249 -14.4566 -3.144821 -2.823662
7 250 -30.2653 -4.387056 -1.439299
7 251 -45.2735 -4.339511 -0.687394
7 252 -56.677 -3.789908 -1.081667
7 253 -66.4203 -4.014049 -1.809835
7 254 -71.4241 -4.582312 -2.502305
7 255 -72.1246 -3.230463 -2.412131
7 256 -72.2531 -4.368172 -2.830615
7 257 -72.0871 -5.592046 -3.156792
7 258 -73.2778 -8.158646 -3.435876
7 259 -73.0444 -9.396768 -3.581955
7 260 -72.0805 -8.873374 -3.372172
7 261 -72.3861 -8.228205 -2.603825
7 262 -72.6396 -6.844302 -2.478199
7 263 -73.6818 -5.927367 -2.373786
7 264 -73.7853 -3.854506 -1.916900
7 265 -73.5428 0.052798 -1.396078
7 266 -74.7753 0.828787 -1.881330
7 267 -75.9581 0.551587 -2.444935
7 268 -76.9235 -0.452539 -2.772617
7 269 -75.8122 -1.113224 -2.690397
7 270 -73.4535 -1.295954 -2.324500
7 271 -68.9209 -1.666852 -1.903494
7 272 -60.9879 -1.790786 -1.572811
7 273 -50.8923 -1.888241 -0.676253
7 274 -38.2244 -2.085715 -0.407067
7 275 -26.595 -2.642893 -0.579917
7 276 -15.8866 -2.405431 -0.884373
7 277 -6.40688 -2.457009 -1.665126
7 278 -0.57922 -0.607634 -2.164720
7 279 4.00855 0.796386 -2.295207
7 280 4.36845 0.457187 -2.336105
7 281 4.51348 -0.892702 -1.538207
7 282 2.83448 -1.928602 -0.659205
7 283 2.48481 -2.112887 -0.851991
7 284 0.714658 -2.527208 -0.689774
7 285 0.356432 -2.522108 -0.807973
7 286 0.290057 -2.417727 -0.894942
7 287 0.326575 -2.221401 -1.033677
7 288 0.726075 -1.998080 -0.775885
7 289 0.116061 -1.919082 -0.680144
7 290 -0.628003 -1.984486 -0.636909
7 291 -0.093256 -2.045135 -0.628951
7 292 -1.22834 -1.480457 -0.815107
7 293 -6.11094 -0.440778 -0.635424
7 294 -14.359 0.300210 -1.500311
7 295 -24.5618 -0.378116 -2.128395
7 296 -32.9055 -1.716073 -2.319347
7 297 -41.1016 -2.744553 -2.473649
7 298 -48.5089 -2.271593 -2.505673
7 299 -57.0687 -1.715880 -2.138947
7 300 -69.0704 -1.054004 -1.857468
7 301 -87.4501 -1.354072 -2.204118
7 302 -97.7543 -1.240625 -1.198453
7 303 -108.08 -0.028790 -0.683219
7 304 -119.525 -0.757589 -1.429686
7 305 -129.145 -1.454335 -1.431959
7 306 -139.173 -0.506132 -2.065081
7 307 -151.591 -0.676769 -3.099044
7 308 -159.833 -1.648855 -3.304815
7 309 -165.383 -3.185301 -2.878017
7 310 -171.194 -4.269400 -3.731382
7 311 -175.379 -4.880105 -3.411485
7 312 179.443 -5.016802 -2.313330
7 313 178.004 -4.838262 -1.700572
7 314 177.737 -4.340122 -1.110446
7 315 175.702 -5.249439 -0.367752
7 316 175.517 -5.294284 -0.767755
7 317 175.858 -4.925361 -1.370234
7 318 176.616 -4.586422 -1.863432
7 320 178.237 -2.485206 -1.569598
7 321 179.041 -1.495720 -1.643256
7 322 178.255 -1.484182 -1.707168
7 323 177.69 -1.583634 -1.956896
7 324 175.308 -2.862258 -1.933501
7 325 175.825 -3.480898 -2.098300
7 326 174.995 -3.421091 -2.101875
7 327 173.931 -3.199026 -2.027708
7 328 172.191 -3.044807 -1.797417
7 329 168.067 -3.109511 -1.763484
7 330 160.108 -3.824481 -2.924283
7 331 147.765 -4.774708 -2.996188
7 332 134.953 -5.280186 -2.877827
7 333 120.789 -6.224175 -2.338365
7 334 109.728 -6.731992 -1.636103
7 335 102.898 -6.202572 -2.007376
7 336 95.7699 -5.617438 -2.325429
7 337 90.7123 -4.795119 -2.531119
7 338 87.0065 -3.199064 -2.382601
7 339 85.4241 -0.644817 -1.364376
7 340 84.672 2.161448 -1.107747
7 341 83.0836 3.844895 -0.943757
7 342 82.9593 3.365551 -1.919496
7 343 83.1531 1.284247 -2.136089
7 344 82.8646 -0.951224 -2.100728
7 345 84.0294 -2.361887 -2.164308
7 346 84.9835 -3.279608 -2.286027
7 347 86.5927 -3.729952 -2.284887
7 348 90.402 -3.279865 -2.059417
7 349 93.9354 -2.932209 -2.044624
7 350 94.3274 -2.731245 -1.780346
7 351 90.9469 -2.589797 -1.730164
7 352 85.8634 -2.657759 -1.568164
7 353 79.8192 -2.051561 -1.205140
7 354 69.1416 -0.771554 -1.351792
7 355 59.5983 -0.433924 -1.863499
7 356 47.4198 -1.163171 -1.830603
7 357 36.5381 -2.298798 -1.906043
7 358 23.549 -3.630411 -1.286445
7 359 15.3112 -3.740542 -1.740316
7 360 8.17754 -2.550040 -2.229344
7 361 2.6511 -0.911662 -2.222431
7 362 -1.43816 0.903669 -1.500744
7 363 -4.44632 0.780988 -1.557940
7 364 -3.54317 0.928121 -1.585467
7 365 -2.9447 1.570284 -2.006699
7 366 -3.70768 2.777683 -2.028202
7 367 -3.9009 3.593068 -2.175462
7 368 -4.04137 3.797726 -2.252226
7 369 -4.18846 2.899245 -2.187557
7 370 -4.1771 1.791635 -2.199105
7 371 -3.52725 1.223383 -2.117808
7 372 -2.20475 1.529533 -1.788833
7 373 1.11019 1.409152 -1.657691
7 374 9.11422 1.243580 -2.193068
7 375 18.8764 1.247569 -1.765895
7 376 30.8216 1.120976 -1.253662
7 377 43.8493 0.433762 -0.348809
7 378 54.638 0.013749 0.422767
7 379 63.6736 -0.037823 0.148493
7 380 70.4627 -0.494646 -0.045957
7 381 76.4094 -0.547175 0.632808
7 382 80.9485 -0.166474 0.569198
7 383 85.8763 -0.266715 -0.302235
7 384 90.4986 -0.596198 -1.175597
7 385 90.7827 -0.952906 -1.365387
7 386 89.8344 -1.190293 -1.700917
7 387 88.0317 -2.115787 -1.531338
7 388 86.9639 -2.780575 -1.586274
7 389 87.0763 -3.231400 -1.614215
7 390 87.0672 -3.711038 -1.353830
7 391 87.1179 -4.046200 -1.311069
7 392 86.8886 -3.836331 -1.329678
7 393 86.8234 -3.028440 -1.427311
7 394 86.6233 -1.686788 -1.413355
7 395 86.6419 0.008107 -1.339243
7 396 86.6433 0.981423 -1.053650
7 397 85.6544 1.501805 -0.849961
7 398 82.7446 1.611869 -0.534396
7 399 77.2913 1.884403 -0.202940
7 400 70.9752 2.307907 -0.798762
7 401 63.1902 2.576707 -1.129049
7 402 55.0105 1.950947 -1.169354
7 403 46.8463 0.829721 -1.679326
7 404 35.2059 -0.379509 -1.863994
7 405 26.9832 -0.896138 -2.339551
7 406 20.2771 -0.887102 -2.785885
7 407 13.5338 -1.283874 -2.672134
7 408 8.99857 -1.065508 -2.123334
7 409 5.98726 -0.351202 -1.551842
7 410 4.41159 0.863194 -0.688107
7 411 3.89532 2.601612 -0.415630
7 412 2.91036 4.096245 -0.508810
7 413 2.74473 5.235973 -1.190849
7 414 3.46757 5.867926 -1.997933
7 415 3.34555 5.634123 -2.625100
7 416 2.88797 4.883646 -3.662545
7 417 2.50542 3.120016 -3.921554
7 418 2.99599 1.436878 -3.949038
7 419 2.84714 -0.077516 -3.656425
7 421 3.42481 -2.154830 -3.140314
7 422 3.36699 -3.727473 -2.750029
7 423 2.49864 -4.723647 -2.422560
7 424 1.71099 -4.568421 -2.639219
7 425 0.707225 -3.698294 -2.742559
7 426 0.220038 -2.335591 -2.758624
7 427 -0.579901 -1.133171 -2.662420
7 428 -0.162719 0.836196 -2.866232
7 429 0.365583 2.474705 -2.908849
7 430 0.053744 3.555892 -3.022455
7 431 1.21904 3.392031 -2.834603
7 432 3.49887 2.150231 -2.340071
7 433 3.08763 1.188546 -2.083134
7 434 4.20777 0.563907 -2.000679
7 435 8.8827 -0.282637 -1.538745
7 436 15.2161 -1.206644 -1.318212
7 437 24.6459 -1.590676 -0.751377
7 438 34.7102 -1.421189 -1.056254
7 439 44.0275 -0.634558 -1.370719
7 440 53.4606 -0.222337 -1.471622
7 441 62.892 0.269160 -0.921296
7 442 68.6409 -0.049070 -0.718193
7 443 71.9961 -0.422482 0.301683
7 444 72.6383 -0.615220 1.129286
7 445 72.4324 -0.244758 0.847349
7 446 73.9308 0.578684 0.220193
7 447 75.9069 -0.670590 0.092430
7 448 75.0035 -1.059683 -0.212495
7 449 73.8697 -1.311410 -0.643781
7 450 74.3565 -1.921387 -0.869806
7 451 74.4223 -1.860623 -1.015066
7 452 74.9724 -1.543457 -1.146076
7 453 77.312 -1.226056 -1.263209
7 454 80.2312 -0.732333 -1.362269
7 455 83.771 0.689174 -1.850360
7 456 88.7172 2.765864 -2.128864
7 457 90.2665 3.790987 -1.524911
7 458 90.5775 4.238705 -1.569653
7 459 88.3775 2.870193 -1.345205
7 460 86.6395 1.039280 -0.573412
7 461 87.5129 -0.969082 -0.691232
7 462 88.2097 -1.767276 -1.172679
7 463 88.1051 -2.318738 -1.778327
7 464 89.182 0.632886 -2.570773
7 465 93.859 5.364452 -2.280298
7 466 102.545 2.792840 -2.374105
7 467 115.152 0.537779 -2.087865
7 468 126.444 -1.901469 -4.015291
7 469 138.934 -2.995305 -4.703864
7 470 155.098 -3.660627 -5.757287
7 471 173.754 -3.123901 -5.666163
7 472 -167.285 -0.087907 -4.391394
7 473 -144.302 1.823875 -4.730309
7 474 -124.339 1.753565 -4.114012
7 475 -103.221 -0.260615 -1.559175
7 476 -84.4428 -3.983534 -1.813528
7 477 -66.0446 -2.678754 -1.654403
7 478 -49.2261 -6.675721 -7.480049
7 479 -34.5048 -3.496880 -7.824603
7 480 -28.2457 -1.354357 -9.428075
7 481 -22.616 1.445616 -9.196096
7 482 -19.1207 2.912443 -8.037796
7 483 -17.3788 1.023248 -8.489990
7 484 -15.1073 -1.324503 -10.846905
